5.0 0.0 0.04500000000000001
10.0 0.0 0.020555555555555563
15.0 0.0 -0.0038888888888888888
20.0 0.0 -0.028333333333333332
25.0 0.0 -0.052777777777777764
25.0 0.0 -0.052777777777777764
30.0 0.0 -0.07722222222222223
35.0 0.0 -0.10166666666666668
40.0 0.0 -0.12611111111111112
45.0 0.0 -0.15055555555555555
50.0 0.0 -0.175
50.0 0.0 -0.175
55.0 0.0 -0.1994444444444445
60.0 0.0 -0.22388888888888894
65.0 0.0 -0.24833333333333338
70.0 0.0 -0.27277777777777784
75.0 0.0 -0.2972222222222223
75.0 0.0 -0.2972222222222223
80.0 0.0 -0.3216666666666667
85.0 0.0 -0.34611111111111115
90.0 0.0 -0.3705555555555556
95.0 0.0 -0.395
100.0 0.0 -0.41944444444444445
100.0 0.0 -0.41944444444444445
105.0 0.0 -0.4438888888888889
110.0 0.0 -0.46833333333333343
115.0 0.0 -0.49277777777777787
120.0 0.0 -0.5172222222222224
125.0 0.0 -0.5416666666666667
125.0 0.0 -0.5416666666666667
130.0 0.0 -0.5661111111111112
135.0 0.0 -0.5905555555555556
140.0 0.0 -0.6150000000000001
145.0 0.0 -0.6394444444444446
150.0 0.0 -0.663888888888889
150.0 0.0 -0.663888888888889
155.0 0.0 -0.6883333333333335
160.0 0.0 -0.7127777777777778
165.0 0.0 -0.7372222222222223
170.0 0.0 -0.7616666666666667
175.0 0.0 -0.7861111111111112
175.0 0.0 -0.7861111111111112
180.0 0.0 -0.8105555555555557
185.0 0.0 -0.835
190.0 0.0 -0.8594444444444445
195.0 0.0 -0.8838888888888888
200.0 0.0 -0.9083333333333333
200.0 0.0 -0.9083333333333333
205.0 0.0 -0.9327777777777778
210.0 0.0 -0.9572222222222222
215.0 0.0 -0.9816666666666669
0.0 5.0 0.08111111111111112
5.0 5.0 0.05666666666666668
5.0 5.0 0.05666666666666668
10.0 5.0 0.03222222222222223
15.0 5.0 0.007777777777777779
20.0 5.0 -0.016666666666666666
25.0 5.0 -0.0411111111111111
30.0 5.0 -0.06555555555555556
30.0 5.0 -0.06555555555555556
35.0 5.0 -0.09000000000000001
40.0 5.0 -0.11444444444444445
45.0 5.0 -0.1388888888888889
50.0 5.0 -0.16333333333333333
55.0 5.0 -0.18777777777777782
55.0 5.0 -0.18777777777777782
60.0 5.0 -0.21222222222222228
65.0 5.0 -0.23666666666666672
70.0 5.0 -0.2611111111111112
75.0 5.0 -0.2855555555555556
80.0 5.0 -0.31000000000000005
80.0 5.0 -0.31000000000000005
85.0 5.0 -0.3344444444444445
90.0 5.0 -0.3588888888888889
95.0 5.0 -0.38333333333333336
100.0 5.0 -0.4077777777777778
105.0 5.0 -0.43222222222222223
105.0 5.0 -0.43222222222222223
110.0 5.0 -0.4566666666666668
115.0 5.0 -0.4811111111111112
120.0 5.0 -0.5055555555555556
125.0 5.0 -0.5300000000000001
130.0 5.0 -0.5544444444444445
130.0 5.0 -0.5544444444444445
135.0 5.0 -0.578888888888889
140.0 5.0 -0.6033333333333334
145.0 5.0 -0.6277777777777779
150.0 5.0 -0.6522222222222224
155.0 5.0 -0.6766666666666667
155.0 5.0 -0.6766666666666667
160.0 5.0 -0.7011111111111112
165.0 5.0 -0.7255555555555556
170.0 5.0 -0.7500000000000001
175.0 5.0 -0.7744444444444445
180.0 5.0 -0.798888888888889
180.0 5.0 -0.798888888888889
185.0 5.0 -0.8233333333333334
190.0 5.0 -0.8477777777777777
195.0 5.0 -0.8722222222222222
200.0 5.0 -0.8966666666666666
205.0 5.0 -0.9211111111111111
205.0 5.0 -0.9211111111111111
210.0 5.0 -0.9455555555555556
215.0 5.0 -0.9700000000000002
0.0 10.0 0.09277777777777779
5.0 10.0 0.06833333333333334
10.0 10.0 0.0438888888888889
10.0 10.0 0.0438888888888889
15.0 10.0 0.019444444444444448
20.0 10.0 -0.004999999999999997
25.0 10.0 -0.029444444444444433
30.0 10.0 -0.0538888888888889
35.0 10.0 -0.07833333333333335
35.0 10.0 -0.07833333333333335
40.0 10.0 -0.10277777777777777
45.0 10.0 -0.1272222222222222
50.0 10.0 -0.15166666666666667
55.0 10.0 -0.17611111111111116
60.0 10.0 -0.2005555555555556
60.0 10.0 -0.2005555555555556
65.0 10.0 -0.22500000000000006
70.0 10.0 -0.2494444444444445
75.0 10.0 -0.27388888888888896
80.0 10.0 -0.2983333333333334
85.0 10.0 -0.32277777777777783
85.0 10.0 -0.32277777777777783
90.0 10.0 -0.34722222222222227
95.0 10.0 -0.37166666666666665
100.0 10.0 -0.39611111111111114
105.0 10.0 -0.42055555555555557
110.0 10.0 -0.4450000000000001
110.0 10.0 -0.4450000000000001
115.0 10.0 -0.46944444444444455
120.0 10.0 -0.493888888888889
125.0 10.0 -0.5183333333333334
130.0 10.0 -0.5427777777777779
135.0 10.0 -0.5672222222222223
135.0 10.0 -0.5672222222222223
140.0 10.0 -0.5916666666666668
145.0 10.0 -0.6161111111111112
150.0 10.0 -0.6405555555555557
155.0 10.0 -0.6650000000000001
160.0 10.0 -0.6894444444444445
160.0 10.0 -0.6894444444444445
165.0 10.0 -0.713888888888889
170.0 10.0 -0.7383333333333334
175.0 10.0 -0.7627777777777779
180.0 10.0 -0.7872222222222223
185.0 10.0 -0.8116666666666666
185.0 10.0 -0.8116666666666666
190.0 10.0 -0.8361111111111111
195.0 10.0 -0.8605555555555555
200.0 10.0 -0.885
205.0 10.0 -0.9094444444444445
210.0 10.0 -0.9338888888888889
210.0 10.0 -0.9338888888888889
215.0 10.0 -0.9583333333333335
0.0 15.0 0.10444444444444446
5.0 15.0 0.08000000000000003
10.0 15.0 0.055555555555555566
15.0 15.0 0.031111111111111117
15.0 15.0 0.031111111111111117
20.0 15.0 0.006666666666666673
25.0 15.0 -0.01777777777777776
30.0 15.0 -0.04222222222222223
35.0 15.0 -0.06666666666666667
40.0 15.0 -0.09111111111111111
40.0 15.0 -0.09111111111111111
45.0 15.0 -0.11555555555555555
50.0 15.0 -0.14
55.0 15.0 -0.1644444444444445
60.0 15.0 -0.18888888888888894
65.0 15.0 -0.21333333333333337
65.0 15.0 -0.21333333333333337
70.0 15.0 -0.23777777777777784
75.0 15.0 -0.26222222222222225
80.0 15.0 -0.28666666666666674
85.0 15.0 -0.31111111111111117
90.0 15.0 -0.3355555555555556
90.0 15.0 -0.3355555555555556
95.0 15.0 -0.36
100.0 15.0 -0.3844444444444444
105.0 15.0 -0.4088888888888889
110.0 15.0 -0.43333333333333346
115.0 15.0 -0.4577777777777779
115.0 15.0 -0.4577777777777779
120.0 15.0 -0.48222222222222233
125.0 15.0 -0.5066666666666668
130.0 15.0 -0.5311111111111112
135.0 15.0 -0.5555555555555557
140.0 15.0 -0.5800000000000001
140.0 15.0 -0.5800000000000001
145.0 15.0 -0.6044444444444446
150.0 15.0 -0.6288888888888889
155.0 15.0 -0.6533333333333334
160.0 15.0 -0.6777777777777779
165.0 15.0 -0.7022222222222223
165.0 15.0 -0.7022222222222223
170.0 15.0 -0.7266666666666668
175.0 15.0 -0.7511111111111112
180.0 15.0 -0.7755555555555557
185.0 15.0 -0.8
190.0 15.0 -0.8244444444444444
190.0 15.0 -0.8244444444444444
195.0 15.0 -0.8488888888888889
200.0 15.0 -0.8733333333333333
205.0 15.0 -0.8977777777777778
210.0 15.0 -0.9222222222222223
215.0 15.0 -0.9466666666666669
215.0 15.0 -0.9466666666666669
0.0 20.0 0.11611111111111114
5.0 20.0 0.09166666666666669
10.0 20.0 0.06722222222222224
15.0 20.0 0.04277777777777778
20.0 20.0 0.01833333333333334
20.0 20.0 0.01833333333333334
25.0 20.0 -0.006111111111111092
30.0 20.0 -0.03055555555555556
35.0 20.0 -0.05500000000000001
40.0 20.0 -0.07944444444444444
45.0 20.0 -0.10388888888888889
45.0 20.0 -0.10388888888888889
50.0 20.0 -0.12833333333333333
55.0 20.0 -0.15277777777777782
60.0 20.0 -0.17722222222222228
65.0 20.0 -0.20166666666666672
70.0 20.0 -0.22611111111111115
70.0 20.0 -0.22611111111111115
75.0 20.0 -0.2505555555555556
80.0 20.0 -0.275
85.0 20.0 -0.2994444444444445
90.0 20.0 -0.32388888888888895
95.0 20.0 -0.34833333333333333
95.0 20.0 -0.34833333333333333
100.0 20.0 -0.37277777777777776
105.0 20.0 -0.3972222222222222
110.0 20.0 -0.42166666666666675
115.0 20.0 -0.44611111111111124
120.0 20.0 -0.47055555555555567
120.0 20.0 -0.47055555555555567
125.0 20.0 -0.4950000000000001
130.0 20.0 -0.5194444444444446
135.0 20.0 -0.543888888888889
140.0 20.0 -0.5683333333333335
145.0 20.0 -0.5927777777777778
145.0 20.0 -0.5927777777777778
150.0 20.0 -0.6172222222222223
155.0 20.0 -0.6416666666666667
160.0 20.0 -0.6661111111111112
165.0 20.0 -0.6905555555555557
170.0 20.0 -0.7150000000000001
170.0 20.0 -0.7150000000000001
175.0 20.0 -0.7394444444444446
180.0 20.0 -0.763888888888889
185.0 20.0 -0.7883333333333333
190.0 20.0 -0.8127777777777778
195.0 20.0 -0.8372222222222222
195.0 20.0 -0.8372222222222222
200.0 20.0 -0.8616666666666667
205.0 20.0 -0.8861111111111111
210.0 20.0 -0.9105555555555556
215.0 20.0 -0.9350000000000002
0.0 25.0 0.1277777777777778
0.0 25.0 0.1277777777777778
5.0 25.0 0.10333333333333336
10.0 25.0 0.07888888888888891
15.0 25.0 0.054444444444444455
20.0 25.0 0.030000000000000013
25.0 25.0 0.005555555555555581
25.0 25.0 0.005555555555555581
30.0 25.0 -0.01888888888888889
35.0 25.0 -0.043333333333333335
40.0 25.0 -0.06777777777777777
45.0 25.0 -0.0922222222222222
50.0 25.0 -0.11666666666666667
50.0 25.0 -0.11666666666666667
55.0 25.0 -0.14111111111111116
60.0 25.0 -0.1655555555555556
65.0 25.0 -0.19000000000000006
70.0 25.0 -0.2144444444444445
75.0 25.0 -0.23888888888888893
75.0 25.0 -0.23888888888888893
80.0 25.0 -0.26333333333333336
85.0 25.0 -0.28777777777777785
90.0 25.0 -0.3122222222222223
95.0 25.0 -0.33666666666666667
100.0 25.0 -0.3611111111111111
100.0 25.0 -0.3611111111111111
105.0 25.0 -0.38555555555555554
110.0 25.0 -0.4100000000000001
115.0 25.0 -0.4344444444444445
120.0 25.0 -0.458888888888889
125.0 25.0 -0.48333333333333345
125.0 25.0 -0.48333333333333345
130.0 25.0 -0.5077777777777779
135.0 25.0 -0.5322222222222224
140.0 25.0 -0.5566666666666668
145.0 25.0 -0.5811111111111112
150.0 25.0 -0.6055555555555556
150.0 25.0 -0.6055555555555556
155.0 25.0 -0.6300000000000001
160.0 25.0 -0.6544444444444445
165.0 25.0 -0.678888888888889
170.0 25.0 -0.7033333333333335
175.0 25.0 -0.7277777777777779
175.0 25.0 -0.7277777777777779
180.0 25.0 -0.7522222222222223
185.0 25.0 -0.7766666666666666
190.0 25.0 -0.8011111111111111
195.0 25.0 -0.8255555555555556
200.0 25.0 -0.85
200.0 25.0 -0.85
205.0 25.0 -0.8744444444444445
210.0 25.0 -0.8988888888888888
215.0 25.0 -0.9233333333333336
0.0 30.0 0.13944444444444448
5.0 30.0 0.11500000000000002
5.0 30.0 0.11500000000000002
10.0 30.0 0.09055555555555558
15.0 30.0 0.06611111111111112
20.0 30.0 0.04166666666666668
25.0 30.0 0.017222222222222246
30.0 30.0 -0.007222222222222222
30.0 30.0 -0.007222222222222222
35.0 30.0 -0.03166666666666667
40.0 30.0 -0.0561111111111111
45.0 30.0 -0.08055555555555555
50.0 30.0 -0.10499999999999998
55.0 30.0 -0.1294444444444445
55.0 30.0 -0.1294444444444445
60.0 30.0 -0.15388888888888894
65.0 30.0 -0.17833333333333337
70.0 30.0 -0.20277777777777783
75.0 30.0 -0.22722222222222227
80.0 30.0 -0.2516666666666667
80.0 30.0 -0.2516666666666667
85.0 30.0 -0.27611111111111114
90.0 30.0 -0.30055555555555563
95.0 30.0 -0.325
100.0 30.0 -0.34944444444444445
105.0 30.0 -0.3738888888888889
105.0 30.0 -0.3738888888888889
110.0 30.0 -0.39833333333333343
115.0 30.0 -0.42277777777777786
120.0 30.0 -0.4472222222222223
125.0 30.0 -0.4716666666666668
130.0 30.0 -0.4961111111111112
130.0 30.0 -0.4961111111111112
135.0 30.0 -0.5205555555555557
140.0 30.0 -0.5450000000000002
145.0 30.0 -0.5694444444444445
150.0 30.0 -0.593888888888889
155.0 30.0 -0.6183333333333334
155.0 30.0 -0.6183333333333334
160.0 30.0 -0.6427777777777779
165.0 30.0 -0.6672222222222223
170.0 30.0 -0.6916666666666668
175.0 30.0 -0.7161111111111113
180.0 30.0 -0.7405555555555556
180.0 30.0 -0.7405555555555556
185.0 30.0 -0.765
190.0 30.0 -0.7894444444444444
195.0 30.0 -0.8138888888888889
200.0 30.0 -0.8383333333333334
205.0 30.0 -0.8627777777777778
205.0 30.0 -0.8627777777777778
210.0 30.0 -0.8872222222222222
215.0 30.0 -0.9116666666666668
0.0 35.0 0.15111111111111114
5.0 35.0 0.1266666666666667
10.0 35.0 0.10222222222222224
10.0 35.0 0.10222222222222224
15.0 35.0 0.07777777777777779
20.0 35.0 0.053333333333333344
25.0 35.0 0.028888888888888915
30.0 35.0 0.0044444444444444444
35.0 35.0 -0.02
35.0 35.0 -0.02
40.0 35.0 -0.04444444444444443
45.0 35.0 -0.06888888888888887
50.0 35.0 -0.09333333333333332
55.0 35.0 -0.11777777777777783
60.0 35.0 -0.14222222222222228
60.0 35.0 -0.14222222222222228
65.0 35.0 -0.1666666666666667
70.0 35.0 -0.19111111111111115
75.0 35.0 -0.2155555555555556
80.0 35.0 -0.24000000000000005
85.0 35.0 -0.2644444444444445
85.0 35.0 -0.2644444444444445
90.0 35.0 -0.2888888888888889
95.0 35.0 -0.31333333333333335
100.0 35.0 -0.3377777777777778
105.0 35.0 -0.3622222222222222
110.0 35.0 -0.38666666666666677
110.0 35.0 -0.38666666666666677
115.0 35.0 -0.4111111111111112
120.0 35.0 -0.43555555555555564
125.0 35.0 -0.4600000000000001
130.0 35.0 -0.48444444444444457
135.0 35.0 -0.508888888888889
135.0 35.0 -0.508888888888889
140.0 35.0 -0.5333333333333334
145.0 35.0 -0.5577777777777779
150.0 35.0 -0.5822222222222223
155.0 35.0 -0.6066666666666668
160.0 35.0 -0.6311111111111112
160.0 35.0 -0.6311111111111112
165.0 35.0 -0.6555555555555557
170.0 35.0 -0.68
175.0 35.0 -0.7044444444444445
180.0 35.0 -0.728888888888889
185.0 35.0 -0.7533333333333333
185.0 35.0 -0.7533333333333333
190.0 35.0 -0.7777777777777778
195.0 35.0 -0.8022222222222222
200.0 35.0 -0.8266666666666667
205.0 35.0 -0.8511111111111112
210.0 35.0 -0.8755555555555555
210.0 35.0 -0.8755555555555555
215.0 35.0 -0.9000000000000002
0.0 40.0 0.1627777777777778
5.0 40.0 0.13833333333333336
10.0 40.0 0.11388888888888891
15.0 40.0 0.08944444444444445
15.0 40.0 0.08944444444444445
20.0 40.0 0.06500000000000002
25.0 40.0 0.04055555555555558
30.0 40.0 0.01611111111111111
35.0 40.0 -0.008333333333333333
40.0 40.0 -0.03277777777777777
40.0 40.0 -0.03277777777777777
45.0 40.0 -0.05722222222222221
50.0 40.0 -0.08166666666666665
55.0 40.0 -0.10611111111111114
60.0 40.0 -0.13055555555555562
65.0 40.0 -0.15500000000000005
65.0 40.0 -0.15500000000000005
70.0 40.0 -0.1794444444444445
75.0 40.0 -0.20388888888888893
80.0 40.0 -0.2283333333333334
85.0 40.0 -0.2527777777777778
90.0 40.0 -0.27722222222222226
90.0 40.0 -0.27722222222222226
95.0 40.0 -0.3016666666666667
100.0 40.0 -0.32611111111111113
105.0 40.0 -0.35055555555555556
110.0 40.0 -0.3750000000000001
115.0 40.0 -0.39944444444444455
115.0 40.0 -0.39944444444444455
120.0 40.0 -0.423888888888889
125.0 40.0 -0.4483333333333334
130.0 40.0 -0.47277777777777785
135.0 40.0 -0.49722222222222234
140.0 40.0 -0.5216666666666667
140.0 40.0 -0.5216666666666667
145.0 40.0 -0.5461111111111112
150.0 40.0 -0.5705555555555557
155.0 40.0 -0.5950000000000001
160.0 40.0 -0.6194444444444446
165.0 40.0 -0.643888888888889
165.0 40.0 -0.643888888888889
170.0 40.0 -0.6683333333333334
175.0 40.0 -0.6927777777777778
180.0 40.0 -0.7172222222222223
185.0 40.0 -0.7416666666666667
190.0 40.0 -0.7661111111111111
190.0 40.0 -0.7661111111111111
195.0 40.0 -0.7905555555555556
200.0 40.0 -0.815
205.0 40.0 -0.8394444444444444
210.0 40.0 -0.8638888888888889
215.0 40.0 -0.8883333333333335
215.0 40.0 -0.8883333333333335
0.0 45.0 0.17444444444444446
5.0 45.0 0.15000000000000002
10.0 45.0 0.1255555555555556
15.0 45.0 0.10111111111111112
20.0 45.0 0.07666666666666667
20.0 45.0 0.07666666666666667
25.0 45.0 0.052222222222222246
30.0 45.0 0.027777777777777776
35.0 45.0 0.0033333333333333335
40.0 45.0 -0.021111111111111098
45.0 45.0 -0.045555555555555544
45.0 45.0 -0.045555555555555544
50.0 45.0 -0.06999999999999999
55.0 45.0 -0.09444444444444448
60.0 45.0 -0.11888888888888893
65.0 45.0 -0.1433333333333334
70.0 45.0 -0.16777777777777783
70.0 45.0 -0.16777777777777783
75.0 45.0 -0.19222222222222227
80.0 45.0 -0.21666666666666673
85.0 45.0 -0.24111111111111116
90.0 45.0 -0.2655555555555556
95.0 45.0 -0.29
95.0 45.0 -0.29
100.0 45.0 -0.31444444444444447
105.0 45.0 -0.3388888888888889
110.0 45.0 -0.36333333333333345
115.0 45.0 -0.3877777777777779
120.0 45.0 -0.4122222222222223
120.0 45.0 -0.4122222222222223
125.0 45.0 -0.43666666666666676
130.0 45.0 -0.4611111111111112
135.0 45.0 -0.48555555555555563
140.0 45.0 -0.5100000000000001
145.0 45.0 -0.5344444444444445
145.0 45.0 -0.5344444444444445
150.0 45.0 -0.558888888888889
155.0 45.0 -0.5833333333333335
160.0 45.0 -0.6077777777777779
165.0 45.0 -0.6322222222222224
170.0 45.0 -0.6566666666666667
170.0 45.0 -0.6566666666666667
175.0 45.0 -0.6811111111111112
180.0 45.0 -0.7055555555555556
185.0 45.0 -0.73
190.0 45.0 -0.7544444444444445
195.0 45.0 -0.7788888888888889
195.0 45.0 -0.7788888888888889
200.0 45.0 -0.8033333333333333
205.0 45.0 -0.8277777777777777
210.0 45.0 -0.8522222222222222
215.0 45.0 -0.8766666666666668
0.0 50.0 0.18611111111111117
0.0 50.0 0.18611111111111117
5.0 50.0 0.1616666666666667
10.0 50.0 0.13722222222222225
15.0 50.0 0.1127777777777778
20.0 50.0 0.08833333333333336
25.0 50.0 0.06388888888888893
25.0 50.0 0.06388888888888893
30.0 50.0 0.039444444444444456
35.0 50.0 0.015000000000000013
40.0 50.0 -0.00944444444444442
45.0 50.0 -0.033888888888888864
50.0 50.0 -0.058333333333333307
50.0 50.0 -0.058333333333333307
55.0 50.0 -0.0827777777777778
60.0 50.0 -0.10722222222222225
65.0 50.0 -0.13166666666666668
70.0 50.0 -0.15611111111111114
75.0 50.0 -0.18055555555555558
75.0 50.0 -0.18055555555555558
80.0 50.0 -0.20500000000000002
85.0 50.0 -0.22944444444444445
90.0 50.0 -0.2538888888888889
95.0 50.0 -0.2783333333333333
100.0 50.0 -0.30277777777777776
100.0 50.0 -0.30277777777777776
105.0 50.0 -0.32722222222222225
110.0 50.0 -0.3516666666666668
115.0 50.0 -0.37611111111111123
120.0 50.0 -0.40055555555555566
125.0 50.0 -0.4250000000000001
125.0 50.0 -0.4250000000000001
130.0 50.0 -0.44944444444444454
135.0 50.0 -0.47388888888888897
140.0 50.0 -0.4983333333333334
145.0 50.0 -0.5227777777777779
150.0 50.0 -0.5472222222222223
150.0 50.0 -0.5472222222222223
155.0 50.0 -0.5716666666666668
160.0 50.0 -0.5961111111111113
165.0 50.0 -0.6205555555555556
170.0 50.0 -0.6450000000000001
175.0 50.0 -0.6694444444444445
175.0 50.0 -0.6694444444444445
180.0 50.0 -0.693888888888889
185.0 50.0 -0.7183333333333334
190.0 50.0 -0.7427777777777778
195.0 50.0 -0.7672222222222222
200.0 50.0 -0.7916666666666666
200.0 50.0 -0.7916666666666666
205.0 50.0 -0.8161111111111111
210.0 50.0 -0.8405555555555555
215.0 50.0 -0.8650000000000002
0.0 55.0 0.19777777777777783
5.0 55.0 0.1733333333333334
5.0 55.0 0.1733333333333334
10.0 55.0 0.1488888888888889
15.0 55.0 0.12444444444444447
20.0 55.0 0.10000000000000002
25.0 55.0 0.0755555555555556
30.0 55.0 0.05111111111111112
30.0 55.0 0.05111111111111112
35.0 55.0 0.02666666666666668
40.0 55.0 0.0022222222222222474
45.0 55.0 -0.0222222222222222
50.0 55.0 -0.04666666666666664
55.0 55.0 -0.07111111111111114
55.0 55.0 -0.07111111111111114
60.0 55.0 -0.09555555555555557
65.0 55.0 -0.12000000000000002
70.0 55.0 -0.14444444444444446
75.0 55.0 -0.16888888888888892
80.0 55.0 -0.19333333333333336
80.0 55.0 -0.19333333333333336
85.0 55.0 -0.2177777777777778
90.0 55.0 -0.24222222222222223
95.0 55.0 -0.26666666666666666
100.0 55.0 -0.2911111111111111
105.0 55.0 -0.31555555555555553
105.0 55.0 -0.31555555555555553
110.0 55.0 -0.3400000000000001
115.0 55.0 -0.36444444444444457
120.0 55.0 -0.388888888888889
125.0 55.0 -0.41333333333333344
130.0 55.0 -0.4377777777777779
130.0 55.0 -0.4377777777777779
135.0 55.0 -0.4622222222222223
140.0 55.0 -0.48666666666666675
145.0 55.0 -0.5111111111111112
150.0 55.0 -0.5355555555555557
155.0 55.0 -0.56
155.0 55.0 -0.56
160.0 55.0 -0.5844444444444445
165.0 55.0 -0.608888888888889
170.0 55.0 -0.6333333333333334
175.0 55.0 -0.6577777777777779
180.0 55.0 -0.6822222222222223
180.0 55.0 -0.6822222222222223
185.0 55.0 -0.7066666666666667
190.0 55.0 -0.7311111111111112
195.0 55.0 -0.7555555555555555
200.0 55.0 -0.78
205.0 55.0 -0.8044444444444444
205.0 55.0 -0.8044444444444444
210.0 55.0 -0.8288888888888889
215.0 55.0 -0.8533333333333335
0.0 60.0 0.2094444444444445
5.0 60.0 0.18500000000000005
10.0 60.0 0.1605555555555556
10.0 60.0 0.1605555555555556
15.0 60.0 0.13611111111111113
20.0 60.0 0.11166666666666669
25.0 60.0 0.08722222222222226
30.0 60.0 0.0627777777777778
35.0 60.0 0.038333333333333344
35.0 60.0 0.038333333333333344
40.0 60.0 0.013888888888888914
45.0 60.0 -0.01055555555555553
50.0 60.0 -0.034999999999999976
55.0 60.0 -0.059444444444444466
60.0 60.0 -0.08388888888888892
60.0 60.0 -0.08388888888888892
65.0 60.0 -0.10833333333333336
70.0 60.0 -0.1327777777777778
75.0 60.0 -0.15722222222222224
80.0 60.0 -0.1816666666666667
85.0 60.0 -0.20611111111111113
85.0 60.0 -0.20611111111111113
90.0 60.0 -0.23055555555555557
95.0 60.0 -0.255
100.0 60.0 -0.27944444444444444
105.0 60.0 -0.3038888888888889
110.0 60.0 -0.3283333333333334
110.0 60.0 -0.3283333333333334
115.0 60.0 -0.35277777777777786
120.0 60.0 -0.37722222222222235
125.0 60.0 -0.4016666666666668
130.0 60.0 -0.4261111111111112
135.0 60.0 -0.45055555555555565
135.0 60.0 -0.45055555555555565
140.0 60.0 -0.4750000000000001
145.0 60.0 -0.4994444444444445
150.0 60.0 -0.523888888888889
155.0 60.0 -0.5483333333333335
160.0 60.0 -0.5727777777777778
160.0 60.0 -0.5727777777777778
165.0 60.0 -0.5972222222222223
170.0 60.0 -0.6216666666666668
175.0 60.0 -0.6461111111111112
180.0 60.0 -0.6705555555555557
185.0 60.0 -0.695
185.0 60.0 -0.695
190.0 60.0 -0.7194444444444444
195.0 60.0 -0.7438888888888889
200.0 60.0 -0.7683333333333333
205.0 60.0 -0.7927777777777778
210.0 60.0 -0.8172222222222222
210.0 60.0 -0.8172222222222222
215.0 60.0 -0.8416666666666669
0.0 65.0 0.22111111111111117
5.0 65.0 0.1966666666666667
10.0 65.0 0.17222222222222225
15.0 65.0 0.1477777777777778
15.0 65.0 0.1477777777777778
20.0 65.0 0.12333333333333336
25.0 65.0 0.09888888888888893
30.0 65.0 0.07444444444444445
35.0 65.0 0.05000000000000001
40.0 65.0 0.02555555555555558
40.0 65.0 0.02555555555555558
45.0 65.0 0.001111111111111136
50.0 65.0 -0.02333333333333331
55.0 65.0 -0.0477777777777778
60.0 65.0 -0.07222222222222224
65.0 65.0 -0.09666666666666669
65.0 65.0 -0.09666666666666669
70.0 65.0 -0.12111111111111114
75.0 65.0 -0.14555555555555558
80.0 65.0 -0.17
85.0 65.0 -0.19444444444444448
90.0 65.0 -0.2188888888888889
90.0 65.0 -0.2188888888888889
95.0 65.0 -0.24333333333333335
100.0 65.0 -0.2677777777777778
105.0 65.0 -0.2922222222222222
110.0 65.0 -0.31666666666666676
115.0 65.0 -0.3411111111111112
115.0 65.0 -0.3411111111111112
120.0 65.0 -0.36555555555555563
125.0 65.0 -0.3900000000000001
130.0 65.0 -0.41444444444444456
135.0 65.0 -0.438888888888889
140.0 65.0 -0.46333333333333343
140.0 65.0 -0.46333333333333343
145.0 65.0 -0.48777777777777787
150.0 65.0 -0.5122222222222224
155.0 65.0 -0.5366666666666667
160.0 65.0 -0.5611111111111112
165.0 65.0 -0.5855555555555556
165.0 65.0 -0.5855555555555556
170.0 65.0 -0.6100000000000001
175.0 65.0 -0.6344444444444446
180.0 65.0 -0.658888888888889
185.0 65.0 -0.6833333333333333
190.0 65.0 -0.7077777777777777
190.0 65.0 -0.7077777777777777
195.0 65.0 -0.7322222222222222
200.0 65.0 -0.7566666666666667
205.0 65.0 -0.7811111111111111
210.0 65.0 -0.8055555555555556
215.0 65.0 -0.8300000000000002
215.0 65.0 -0.8300000000000002
0.0 70.0 0.23277777777777783
5.0 70.0 0.20833333333333337
10.0 70.0 0.1838888888888889
15.0 70.0 0.15944444444444447
20.0 70.0 0.13500000000000004
20.0 70.0 0.13500000000000004
25.0 70.0 0.11055555555555559
30.0 70.0 0.08611111111111112
35.0 70.0 0.06166666666666668
40.0 70.0 0.03722222222222225
45.0 70.0 0.012777777777777803
45.0 70.0 0.012777777777777803
50.0 70.0 -0.011666666666666641
55.0 70.0 -0.036111111111111135
60.0 70.0 -0.06055555555555558
65.0 70.0 -0.08500000000000002
70.0 70.0 -0.10944444444444447
70.0 70.0 -0.10944444444444447
75.0 70.0 -0.13388888888888892
80.0 70.0 -0.15833333333333335
85.0 70.0 -0.1827777777777778
90.0 70.0 -0.20722222222222225
95.0 70.0 -0.23166666666666666
95.0 70.0 -0.23166666666666666
100.0 70.0 -0.2561111111111111
105.0 70.0 -0.28055555555555556
110.0 70.0 -0.3050000000000001
115.0 70.0 -0.32944444444444454
120.0 70.0 -0.353888888888889
120.0 70.0 -0.353888888888889
125.0 70.0 -0.3783333333333334
130.0 70.0 -0.4027777777777779
135.0 70.0 -0.42722222222222234
140.0 70.0 -0.45166666666666677
145.0 70.0 -0.4761111111111112
145.0 70.0 -0.4761111111111112
150.0 70.0 -0.5005555555555556
155.0 70.0 -0.5250000000000001
160.0 70.0 -0.5494444444444445
165.0 70.0 -0.573888888888889
170.0 70.0 -0.5983333333333334
170.0 70.0 -0.5983333333333334
175.0 70.0 -0.6227777777777779
180.0 70.0 -0.6472222222222224
185.0 70.0 -0.6716666666666666
190.0 70.0 -0.6961111111111111
195.0 70.0 -0.7205555555555555
195.0 70.0 -0.7205555555555555
200.0 70.0 -0.745
205.0 70.0 -0.7694444444444445
210.0 70.0 -0.7938888888888889
215.0 70.0 -0.8183333333333336
0.0 75.0 0.2444444444444445
0.0 75.0 0.2444444444444445
5.0 75.0 0.22000000000000006
10.0 75.0 0.1955555555555556
15.0 75.0 0.17111111111111113
20.0 75.0 0.1466666666666667
25.0 75.0 0.12222222222222227
25.0 75.0 0.12222222222222227
30.0 75.0 0.0977777777777778
35.0 75.0 0.07333333333333335
40.0 75.0 0.04888888888888891
45.0 75.0 0.02444444444444447
50.0 75.0 2.4951843670039183e-17
50.0 75.0 2.4951843670039183e-17
55.0 75.0 -0.02444444444444447
60.0 75.0 -0.04888888888888891
65.0 75.0 -0.07333333333333336
70.0 75.0 -0.0977777777777778
75.0 75.0 -0.12222222222222225
75.0 75.0 -0.12222222222222225
80.0 75.0 -0.1466666666666667
85.0 75.0 -0.17111111111111113
90.0 75.0 -0.1955555555555556
95.0 75.0 -0.21999999999999997
100.0 75.0 -0.24444444444444444
100.0 75.0 -0.24444444444444444
105.0 75.0 -0.2688888888888889
110.0 75.0 -0.29333333333333345
115.0 75.0 -0.3177777777777779
120.0 75.0 -0.3422222222222223
125.0 75.0 -0.36666666666666675
125.0 75.0 -0.36666666666666675
130.0 75.0 -0.3911111111111112
135.0 75.0 -0.4155555555555557
140.0 75.0 -0.4400000000000001
145.0 75.0 -0.46444444444444455
150.0 75.0 -0.488888888888889
150.0 75.0 -0.488888888888889
155.0 75.0 -0.5133333333333334
160.0 75.0 -0.5377777777777779
165.0 75.0 -0.5622222222222223
170.0 75.0 -0.5866666666666668
175.0 75.0 -0.6111111111111112
175.0 75.0 -0.6111111111111112
180.0 75.0 -0.6355555555555557
185.0 75.0 -0.66
190.0 75.0 -0.6844444444444444
195.0 75.0 -0.7088888888888889
200.0 75.0 -0.7333333333333333
200.0 75.0 -0.7333333333333333
205.0 75.0 -0.7577777777777778
210.0 75.0 -0.7822222222222223
215.0 75.0 -0.8066666666666669
0.0 80.0 0.2561111111111112
5.0 80.0 0.23166666666666672
5.0 80.0 0.23166666666666672
10.0 80.0 0.20722222222222225
15.0 80.0 0.1827777777777778
20.0 80.0 0.15833333333333335
25.0 80.0 0.13388888888888895
30.0 80.0 0.10944444444444446
30.0 80.0 0.10944444444444446
35.0 80.0 0.085
40.0 80.0 0.06055555555555558
45.0 80.0 0.036111111111111135
50.0 80.0 0.011666666666666691
55.0 80.0 -0.012777777777777803
55.0 80.0 -0.012777777777777803
60.0 80.0 -0.03722222222222225
65.0 80.0 -0.06166666666666669
70.0 80.0 -0.08611111111111114
75.0 80.0 -0.11055555555555559
80.0 80.0 -0.13500000000000004
80.0 80.0 -0.13500000000000004
85.0 80.0 -0.15944444444444447
90.0 80.0 -0.1838888888888889
95.0 80.0 -0.20833333333333331
100.0 80.0 -0.23277777777777778
105.0 80.0 -0.25722222222222224
105.0 80.0 -0.25722222222222224
110.0 80.0 -0.2816666666666668
115.0 80.0 -0.3061111111111112
120.0 80.0 -0.33055555555555566
125.0 80.0 -0.3550000000000001
130.0 80.0 -0.37944444444444453
130.0 80.0 -0.37944444444444453
135.0 80.0 -0.40388888888888896
140.0 80.0 -0.42833333333333345
145.0 80.0 -0.4527777777777779
150.0 80.0 -0.4772222222222223
155.0 80.0 -0.5016666666666668
155.0 80.0 -0.5016666666666668
160.0 80.0 -0.5261111111111112
165.0 80.0 -0.5505555555555557
170.0 80.0 -0.5750000000000001
175.0 80.0 -0.5994444444444446
180.0 80.0 -0.6238888888888889
180.0 80.0 -0.6238888888888889
185.0 80.0 -0.6483333333333333
190.0 80.0 -0.6727777777777778
195.0 80.0 -0.6972222222222222
200.0 80.0 -0.7216666666666667
205.0 80.0 -0.7461111111111111
205.0 80.0 -0.7461111111111111
210.0 80.0 -0.7705555555555555
215.0 80.0 -0.7950000000000002
0.0 85.0 0.26777777777777784
5.0 85.0 0.24333333333333337
10.0 85.0 0.2188888888888889
10.0 85.0 0.2188888888888889
15.0 85.0 0.19444444444444448
20.0 85.0 0.17
25.0 85.0 0.1455555555555556
30.0 85.0 0.12111111111111111
35.0 85.0 0.09666666666666668
35.0 85.0 0.09666666666666668
40.0 85.0 0.07222222222222224
45.0 85.0 0.0477777777777778
50.0 85.0 0.02333333333333336
55.0 85.0 -0.001111111111111136
60.0 85.0 -0.02555555555555558
60.0 85.0 -0.02555555555555558
65.0 85.0 -0.050000000000000024
70.0 85.0 -0.07444444444444447
75.0 85.0 -0.09888888888888892
80.0 85.0 -0.12333333333333336
85.0 85.0 -0.1477777777777778
85.0 85.0 -0.1477777777777778
90.0 85.0 -0.17222222222222225
95.0 85.0 -0.19666666666666663
100.0 85.0 -0.2211111111111111
105.0 85.0 -0.24555555555555555
110.0 85.0 -0.2700000000000001
110.0 85.0 -0.2700000000000001
115.0 85.0 -0.29444444444444456
120.0 85.0 -0.318888888888889
125.0 85.0 -0.34333333333333343
130.0 85.0 -0.36777777777777787
135.0 85.0 -0.3922222222222223
135.0 85.0 -0.3922222222222223
140.0 85.0 -0.41666666666666674
145.0 85.0 -0.44111111111111123
150.0 85.0 -0.46555555555555567
155.0 85.0 -0.4900000000000001
160.0 85.0 -0.5144444444444446
160.0 85.0 -0.5144444444444446
165.0 85.0 -0.538888888888889
170.0 85.0 -0.5633333333333335
175.0 85.0 -0.5877777777777778
180.0 85.0 -0.6122222222222223
185.0 85.0 -0.6366666666666667
185.0 85.0 -0.6366666666666667
190.0 85.0 -0.6611111111111111
195.0 85.0 -0.6855555555555556
200.0 85.0 -0.71
205.0 85.0 -0.7344444444444445
210.0 85.0 -0.7588888888888888
210.0 85.0 -0.7588888888888888
215.0 85.0 -0.7833333333333335
0.0 90.0 0.2794444444444445
5.0 90.0 0.25500000000000006
10.0 90.0 0.2305555555555556
15.0 90.0 0.20611111111111113
15.0 90.0 0.20611111111111113
20.0 90.0 0.1816666666666667
25.0 90.0 0.15722222222222226
30.0 90.0 0.13277777777777777
35.0 90.0 0.10833333333333335
40.0 90.0 0.08388888888888892
40.0 90.0 0.08388888888888892
45.0 90.0 0.059444444444444466
50.0 90.0 0.035000000000000024
55.0 90.0 0.01055555555555553
60.0 90.0 -0.013888888888888914
65.0 90.0 -0.03833333333333336
65.0 90.0 -0.03833333333333336
70.0 90.0 -0.06277777777777781
75.0 90.0 -0.08722222222222224
80.0 90.0 -0.11166666666666669
85.0 90.0 -0.13611111111111113
90.0 90.0 -0.1605555555555556
90.0 90.0 -0.1605555555555556
95.0 90.0 -0.18499999999999997
100.0 90.0 -0.20944444444444443
105.0 90.0 -0.2338888888888889
110.0 90.0 -0.2583333333333334
115.0 90.0 -0.28277777777777785
115.0 90.0 -0.28277777777777785
120.0 90.0 -0.30722222222222234
125.0 90.0 -0.3316666666666668
130.0 90.0 -0.3561111111111112
135.0 90.0 -0.38055555555555565
140.0 90.0 -0.4050000000000001
140.0 90.0 -0.4050000000000001
145.0 90.0 -0.4294444444444445
150.0 90.0 -0.453888888888889
155.0 90.0 -0.47833333333333344
160.0 90.0 -0.5027777777777779
165.0 90.0 -0.5272222222222224
165.0 90.0 -0.5272222222222224
170.0 90.0 -0.5516666666666667
175.0 90.0 -0.5761111111111112
180.0 90.0 -0.6005555555555556
185.0 90.0 -0.625
190.0 90.0 -0.6494444444444445
190.0 90.0 -0.6494444444444445
195.0 90.0 -0.6738888888888889
200.0 90.0 -0.6983333333333334
205.0 90.0 -0.7227777777777777
210.0 90.0 -0.7472222222222222
215.0 90.0 -0.7716666666666668
215.0 90.0 -0.7716666666666668
0.0 95.0 0.29111111111111115
5.0 95.0 0.2666666666666667
10.0 95.0 0.24222222222222228
15.0 95.0 0.2177777777777778
20.0 95.0 0.19333333333333336
20.0 95.0 0.19333333333333336
25.0 95.0 0.16888888888888895
30.0 95.0 0.14444444444444443
35.0 95.0 0.12
40.0 95.0 0.09555555555555557
45.0 95.0 0.07111111111111114
45.0 95.0 0.07111111111111114
50.0 95.0 0.04666666666666669
55.0 95.0 0.0222222222222222
60.0 95.0 -0.0022222222222222474
65.0 95.0 -0.026666666666666693
70.0 95.0 -0.051111111111111135
70.0 95.0 -0.051111111111111135
75.0 95.0 -0.07555555555555558
80.0 95.0 -0.10000000000000002
85.0 95.0 -0.12444444444444447
90.0 95.0 -0.1488888888888889
95.0 95.0 -0.1733333333333333
95.0 95.0 -0.1733333333333333
100.0 95.0 -0.19777777777777775
105.0 95.0 -0.2222222222222222
110.0 95.0 -0.24666666666666676
115.0 95.0 -0.2711111111111112
120.0 95.0 -0.2955555555555557
120.0 95.0 -0.2955555555555557
125.0 95.0 -0.3200000000000001
130.0 95.0 -0.34444444444444455
135.0 95.0 -0.368888888888889
140.0 95.0 -0.3933333333333334
145.0 95.0 -0.41777777777777786
145.0 95.0 -0.41777777777777786
150.0 95.0 -0.44222222222222235
155.0 95.0 -0.4666666666666668
160.0 95.0 -0.4911111111111112
165.0 95.0 -0.5155555555555557
170.0 95.0 -0.5400000000000001
170.0 95.0 -0.5400000000000001
175.0 95.0 -0.5644444444444445
180.0 95.0 -0.588888888888889
185.0 95.0 -0.6133333333333333
190.0 95.0 -0.6377777777777778
195.0 95.0 -0.6622222222222223
195.0 95.0 -0.6622222222222223
200.0 95.0 -0.6866666666666666
205.0 95.0 -0.7111111111111111
210.0 95.0 -0.7355555555555555
215.0 95.0 -0.7600000000000002
0.0 100.0 0.3027777777777778
0.0 100.0 0.3027777777777778
5.0 100.0 0.2783333333333334
10.0 100.0 0.25388888888888894
15.0 100.0 0.2294444444444445
20.0 100.0 0.20500000000000004
25.0 100.0 0.1805555555555556
25.0 100.0 0.1805555555555556
30.0 100.0 0.15611111111111117
35.0 100.0 0.1316666666666667
40.0 100.0 0.10722222222222227
45.0 100.0 0.08277777777777783
50.0 100.0 0.05833333333333338
50.0 100.0 0.05833333333333338
55.0 100.0 0.03388888888888889
60.0 100.0 0.009444444444444445
65.0 100.0 -0.015
70.0 100.0 -0.03944444444444444
75.0 100.0 -0.06388888888888888
75.0 100.0 -0.06388888888888888
80.0 100.0 -0.08833333333333333
85.0 100.0 -0.11277777777777778
90.0 100.0 -0.13722222222222222
95.0 100.0 -0.16166666666666663
100.0 100.0 -0.18611111111111106
100.0 100.0 -0.18611111111111106
105.0 100.0 -0.2105555555555555
110.0 100.0 -0.23500000000000004
115.0 100.0 -0.2594444444444445
120.0 100.0 -0.2838888888888889
125.0 100.0 -0.3083333333333334
125.0 100.0 -0.3083333333333334
130.0 100.0 -0.33277777777777784
135.0 100.0 -0.3572222222222223
140.0 100.0 -0.3816666666666667
145.0 100.0 -0.40611111111111114
150.0 100.0 -0.4305555555555556
150.0 100.0 -0.4305555555555556
155.0 100.0 -0.455
160.0 100.0 -0.47944444444444445
165.0 100.0 -0.5038888888888889
170.0 100.0 -0.5283333333333333
175.0 100.0 -0.5527777777777778
175.0 100.0 -0.5527777777777778
180.0 100.0 -0.5772222222222222
185.0 100.0 -0.6016666666666667
190.0 100.0 -0.6261111111111111
195.0 100.0 -0.6505555555555556
200.0 100.0 -0.675
200.0 100.0 -0.675
205.0 100.0 -0.6994444444444444
210.0 100.0 -0.7238888888888889
215.0 100.0 -0.7483333333333335
0.0 105.0 0.31444444444444447
5.0 105.0 0.29000000000000004
5.0 105.0 0.29000000000000004
10.0 105.0 0.2655555555555556
15.0 105.0 0.24111111111111116
20.0 105.0 0.21666666666666673
25.0 105.0 0.19222222222222227
30.0 105.0 0.16777777777777783
30.0 105.0 0.16777777777777783
35.0 105.0 0.1433333333333334
40.0 105.0 0.11888888888888893
45.0 105.0 0.0944444444444445
50.0 105.0 0.07000000000000005
55.0 105.0 0.04555555555555556
55.0 105.0 0.04555555555555556
60.0 105.0 0.021111111111111112
65.0 105.0 -0.0033333333333333335
70.0 105.0 -0.027777777777777776
75.0 105.0 -0.052222222222222225
80.0 105.0 -0.07666666666666666
80.0 105.0 -0.07666666666666666
85.0 105.0 -0.10111111111111111
90.0 105.0 -0.12555555555555556
95.0 105.0 -0.14999999999999994
100.0 105.0 -0.1744444444444444
105.0 105.0 -0.19888888888888884
105.0 105.0 -0.19888888888888884
110.0 105.0 -0.22333333333333338
115.0 105.0 -0.24777777777777782
120.0 105.0 -0.27222222222222225
125.0 105.0 -0.2966666666666667
130.0 105.0 -0.3211111111111112
130.0 105.0 -0.3211111111111112
135.0 105.0 -0.3455555555555556
140.0 105.0 -0.37000000000000005
145.0 105.0 -0.3944444444444445
150.0 105.0 -0.4188888888888889
155.0 105.0 -0.44333333333333336
155.0 105.0 -0.44333333333333336
160.0 105.0 -0.4677777777777778
165.0 105.0 -0.4922222222222222
170.0 105.0 -0.5166666666666667
175.0 105.0 -0.5411111111111111
180.0 105.0 -0.5655555555555556
180.0 105.0 -0.5655555555555556
185.0 105.0 -0.59
190.0 105.0 -0.6144444444444445
195.0 105.0 -0.6388888888888888
200.0 105.0 -0.6633333333333333
205.0 105.0 -0.6877777777777778
205.0 105.0 -0.6877777777777778
210.0 105.0 -0.7122222222222222
215.0 105.0 -0.7366666666666669
0.0 110.0 0.3261111111111112
5.0 110.0 0.3016666666666667
10.0 110.0 0.27722222222222226
10.0 110.0 0.27722222222222226
15.0 110.0 0.2527777777777778
20.0 110.0 0.2283333333333334
25.0 110.0 0.20388888888888893
30.0 110.0 0.1794444444444445
35.0 110.0 0.15500000000000005
35.0 110.0 0.15500000000000005
40.0 110.0 0.13055555555555562
45.0 110.0 0.10611111111111116
50.0 110.0 0.08166666666666672
55.0 110.0 0.05722222222222222
60.0 110.0 0.03277777777777778
60.0 110.0 0.03277777777777778
65.0 110.0 0.008333333333333333
70.0 110.0 -0.01611111111111111
75.0 110.0 -0.04055555555555555
80.0 110.0 -0.065
85.0 110.0 -0.08944444444444444
85.0 110.0 -0.08944444444444444
90.0 110.0 -0.11388888888888889
95.0 110.0 -0.13833333333333328
100.0 110.0 -0.16277777777777772
105.0 110.0 -0.18722222222222218
110.0 110.0 -0.21166666666666673
110.0 110.0 -0.21166666666666673
115.0 110.0 -0.23611111111111116
120.0 110.0 -0.2605555555555556
125.0 110.0 -0.28500000000000003
130.0 110.0 -0.3094444444444445
135.0 110.0 -0.33388888888888896
135.0 110.0 -0.33388888888888896
140.0 110.0 -0.3583333333333334
145.0 110.0 -0.38277777777777783
150.0 110.0 -0.40722222222222226
155.0 110.0 -0.4316666666666667
160.0 110.0 -0.45611111111111113
160.0 110.0 -0.45611111111111113
165.0 110.0 -0.48055555555555557
170.0 110.0 -0.505
175.0 110.0 -0.5294444444444445
180.0 110.0 -0.5538888888888889
185.0 110.0 -0.5783333333333334
185.0 110.0 -0.5783333333333334
190.0 110.0 -0.6027777777777777
195.0 110.0 -0.6272222222222222
200.0 110.0 -0.6516666666666666
205.0 110.0 -0.6761111111111111
210.0 110.0 -0.7005555555555556
210.0 110.0 -0.7005555555555556
215.0 110.0 -0.7250000000000002
0.0 115.0 0.33777777777777784
5.0 115.0 0.3133333333333334
10.0 115.0 0.2888888888888889
15.0 115.0 0.2644444444444445
15.0 115.0 0.2644444444444445
20.0 115.0 0.24000000000000005
25.0 115.0 0.2155555555555556
30.0 115.0 0.19111111111111115
35.0 115.0 0.1666666666666667
40.0 115.0 0.14222222222222228
40.0 115.0 0.14222222222222228
45.0 115.0 0.11777777777777783
50.0 115.0 0.09333333333333338
55.0 115.0 0.06888888888888889
60.0 115.0 0.044444444444444446
65.0 115.0 0.02
65.0 115.0 0.02
70.0 115.0 -0.0044444444444444444
75.0 115.0 -0.028888888888888888
80.0 115.0 -0.05333333333333334
85.0 115.0 -0.07777777777777778
90.0 115.0 -0.10222222222222223
90.0 115.0 -0.10222222222222223
95.0 115.0 -0.12666666666666662
100.0 115.0 -0.15111111111111106
105.0 115.0 -0.1755555555555555
110.0 115.0 -0.20000000000000004
115.0 115.0 -0.2244444444444445
115.0 115.0 -0.2244444444444445
120.0 115.0 -0.24888888888888894
125.0 115.0 -0.2733333333333334
130.0 115.0 -0.2977777777777778
135.0 115.0 -0.3222222222222223
140.0 115.0 -0.34666666666666673
140.0 115.0 -0.34666666666666673
145.0 115.0 -0.37111111111111117
150.0 115.0 -0.3955555555555556
155.0 115.0 -0.42000000000000004
160.0 115.0 -0.4444444444444445
165.0 115.0 -0.4688888888888889
165.0 115.0 -0.4688888888888889
170.0 115.0 -0.49333333333333335
175.0 115.0 -0.5177777777777778
180.0 115.0 -0.5422222222222223
185.0 115.0 -0.5666666666666667
190.0 115.0 -0.5911111111111111
190.0 115.0 -0.5911111111111111
195.0 115.0 -0.6155555555555555
200.0 115.0 -0.64
205.0 115.0 -0.6644444444444444
210.0 115.0 -0.6888888888888889
215.0 115.0 -0.7133333333333335
215.0 115.0 -0.7133333333333335
0.0 120.0 0.3494444444444445
5.0 120.0 0.32500000000000007
10.0 120.0 0.30055555555555563
15.0 120.0 0.27611111111111114
20.0 120.0 0.2516666666666667
20.0 120.0 0.2516666666666667
25.0 120.0 0.22722222222222227
30.0 120.0 0.20277777777777783
35.0 120.0 0.17833333333333337
40.0 120.0 0.15388888888888894
45.0 120.0 0.1294444444444445
45.0 120.0 0.1294444444444445
50.0 120.0 0.10500000000000005
55.0 120.0 0.08055555555555556
60.0 120.0 0.05611111111111111
65.0 120.0 0.03166666666666667
70.0 120.0 0.007222222222222222
70.0 120.0 0.007222222222222222
75.0 120.0 -0.017222222222222222
80.0 120.0 -0.041666666666666664
85.0 120.0 -0.0661111111111111
90.0 120.0 -0.09055555555555556
95.0 120.0 -0.11499999999999995
95.0 120.0 -0.11499999999999995
100.0 120.0 -0.1394444444444444
105.0 120.0 -0.16388888888888883
110.0 120.0 -0.18833333333333338
115.0 120.0 -0.21277777777777782
120.0 120.0 -0.23722222222222228
120.0 120.0 -0.23722222222222228
125.0 120.0 -0.2616666666666667
130.0 120.0 -0.28611111111111115
135.0 120.0 -0.3105555555555556
140.0 120.0 -0.3350000000000001
145.0 120.0 -0.3594444444444445
145.0 120.0 -0.3594444444444445
150.0 120.0 -0.38388888888888895
155.0 120.0 -0.4083333333333334
160.0 120.0 -0.4327777777777778
165.0 120.0 -0.4572222222222222
170.0 120.0 -0.4816666666666667
170.0 120.0 -0.4816666666666667
175.0 120.0 -0.5061111111111111
180.0 120.0 -0.5305555555555556
185.0 120.0 -0.555
190.0 120.0 -0.5794444444444444
195.0 120.0 -0.6038888888888889
195.0 120.0 -0.6038888888888889
200.0 120.0 -0.6283333333333333
205.0 120.0 -0.6527777777777778
210.0 120.0 -0.6772222222222222
215.0 120.0 -0.7016666666666669
0.0 125.0 0.36111111111111116
0.0 125.0 0.36111111111111116
5.0 125.0 0.3366666666666667
10.0 125.0 0.3122222222222223
15.0 125.0 0.28777777777777785
20.0 125.0 0.26333333333333336
25.0 125.0 0.23888888888888893
25.0 125.0 0.23888888888888893
30.0 125.0 0.2144444444444445
35.0 125.0 0.19000000000000006
40.0 125.0 0.1655555555555556
45.0 125.0 0.14111111111111116
50.0 125.0 0.11666666666666671
50.0 125.0 0.11666666666666671
55.0 125.0 0.09222222222222222
60.0 125.0 0.06777777777777778
65.0 125.0 0.043333333333333335
70.0 125.0 0.01888888888888889
75.0 125.0 -0.005555555555555556
75.0 125.0 -0.005555555555555556
80.0 125.0 -0.03
85.0 125.0 -0.05444444444444444
90.0 125.0 -0.07888888888888888
95.0 125.0 -0.10333333333333328
100.0 125.0 -0.12777777777777774
100.0 125.0 -0.12777777777777774
105.0 125.0 -0.15222222222222218
110.0 125.0 -0.17666666666666672
115.0 125.0 -0.20111111111111116
120.0 125.0 -0.2255555555555556
125.0 125.0 -0.25000000000000006
125.0 125.0 -0.25000000000000006
130.0 125.0 -0.2744444444444445
135.0 125.0 -0.2988888888888889
140.0 125.0 -0.32333333333333336
145.0 125.0 -0.34777777777777785
150.0 125.0 -0.3722222222222223
150.0 125.0 -0.3722222222222223
155.0 125.0 -0.3966666666666667
160.0 125.0 -0.42111111111111116
165.0 125.0 -0.4455555555555556
170.0 125.0 -0.47
175.0 125.0 -0.49444444444444446
175.0 125.0 -0.49444444444444446
180.0 125.0 -0.5188888888888888
185.0 125.0 -0.5433333333333333
190.0 125.0 -0.5677777777777778
195.0 125.0 -0.5922222222222222
200.0 125.0 -0.6166666666666667
200.0 125.0 -0.6166666666666667
205.0 125.0 -0.6411111111111111
210.0 125.0 -0.6655555555555556
215.0 125.0 -0.6900000000000002
0.0 130.0 0.3727777777777778
5.0 130.0 0.3483333333333334
5.0 130.0 0.3483333333333334
10.0 130.0 0.32388888888888895
15.0 130.0 0.2994444444444445
20.0 130.0 0.275
25.0 130.0 0.2505555555555556
30.0 130.0 0.22611111111111115
30.0 130.0 0.22611111111111115
35.0 130.0 0.20166666666666672
40.0 130.0 0.17722222222222228
45.0 130.0 0.15277777777777782
50.0 130.0 0.12833333333333338
55.0 130.0 0.10388888888888889
55.0 130.0 0.10388888888888889
60.0 130.0 0.07944444444444444
65.0 130.0 0.055
70.0 130.0 0.030555555555555555
75.0 130.0 0.006111111111111111
80.0 130.0 -0.018333333333333333
80.0 130.0 -0.018333333333333333
85.0 130.0 -0.042777777777777776
90.0 130.0 -0.06722222222222222
95.0 130.0 -0.09166666666666662
100.0 130.0 -0.11611111111111107
105.0 130.0 -0.14055555555555552
105.0 130.0 -0.14055555555555552
110.0 130.0 -0.16500000000000006
115.0 130.0 -0.1894444444444445
120.0 130.0 -0.21388888888888893
125.0 130.0 -0.2383333333333334
130.0 130.0 -0.26277777777777783
130.0 130.0 -0.26277777777777783
135.0 130.0 -0.28722222222222227
140.0 130.0 -0.3116666666666667
145.0 130.0 -0.33611111111111114
150.0 130.0 -0.36055555555555563
155.0 130.0 -0.38500000000000006
155.0 130.0 -0.38500000000000006
160.0 130.0 -0.4094444444444445
165.0 130.0 -0.43388888888888894
170.0 130.0 -0.4583333333333333
175.0 130.0 -0.48277777777777775
180.0 130.0 -0.5072222222222222
180.0 130.0 -0.5072222222222222
185.0 130.0 -0.5316666666666666
190.0 130.0 -0.5561111111111111
195.0 130.0 -0.5805555555555556
200.0 130.0 -0.605
205.0 130.0 -0.6294444444444445
205.0 130.0 -0.6294444444444445
210.0 130.0 -0.6538888888888889
215.0 130.0 -0.6783333333333336
0.0 135.0 0.3844444444444445
5.0 135.0 0.36000000000000004
10.0 135.0 0.3355555555555556
10.0 135.0 0.3355555555555556
15.0 135.0 0.31111111111111117
20.0 135.0 0.28666666666666674
25.0 135.0 0.26222222222222225
30.0 135.0 0.23777777777777784
35.0 135.0 0.21333333333333337
35.0 135.0 0.21333333333333337
40.0 135.0 0.18888888888888894
45.0 135.0 0.1644444444444445
50.0 135.0 0.14000000000000004
55.0 135.0 0.11555555555555555
60.0 135.0 0.09111111111111111
60.0 135.0 0.09111111111111111
65.0 135.0 0.06666666666666667
70.0 135.0 0.042222222222222223
75.0 135.0 0.017777777777777778
80.0 135.0 -0.006666666666666667
85.0 135.0 -0.03111111111111111
85.0 135.0 -0.03111111111111111
90.0 135.0 -0.05555555555555555
95.0 135.0 -0.07999999999999995
100.0 135.0 -0.1044444444444444
105.0 135.0 -0.12888888888888883
110.0 135.0 -0.15333333333333338
110.0 135.0 -0.15333333333333338
115.0 135.0 -0.17777777777777784
120.0 135.0 -0.20222222222222228
125.0 135.0 -0.2266666666666667
130.0 135.0 -0.2511111111111112
135.0 135.0 -0.2755555555555556
135.0 135.0 -0.2755555555555556
140.0 135.0 -0.30000000000000004
145.0 135.0 -0.3244444444444445
150.0 135.0 -0.3488888888888889
155.0 135.0 -0.3733333333333334
160.0 135.0 -0.39777777777777784
160.0 135.0 -0.39777777777777784
165.0 135.0 -0.4222222222222223
170.0 135.0 -0.4466666666666667
175.0 135.0 -0.4711111111111111
180.0 135.0 -0.4955555555555556
185.0 135.0 -0.52
185.0 135.0 -0.52
190.0 135.0 -0.5444444444444444
195.0 135.0 -0.5688888888888889
200.0 135.0 -0.5933333333333334
205.0 135.0 -0.6177777777777778
210.0 135.0 -0.6422222222222222
210.0 135.0 -0.6422222222222222
215.0 135.0 -0.6666666666666669
0.0 140.0 0.39611111111111114
5.0 140.0 0.3716666666666667
10.0 140.0 0.34722222222222227
15.0 140.0 0.32277777777777783
15.0 140.0 0.32277777777777783
20.0 140.0 0.2983333333333334
25.0 140.0 0.27388888888888896
30.0 140.0 0.2494444444444445
35.0 140.0 0.22500000000000006
40.0 140.0 0.2005555555555556
40.0 140.0 0.2005555555555556
45.0 140.0 0.17611111111111116
50.0 140.0 0.15166666666666673
55.0 140.0 0.1272222222222222
60.0 140.0 0.10277777777777777
65.0 140.0 0.07833333333333334
65.0 140.0 0.07833333333333334
70.0 140.0 0.05388888888888889
75.0 140.0 0.029444444444444443
80.0 140.0 0.005
85.0 140.0 -0.019444444444444445
90.0 140.0 -0.04388888888888889
90.0 140.0 -0.04388888888888889
95.0 140.0 -0.06833333333333329
100.0 140.0 -0.09277777777777772
105.0 140.0 -0.11722222222222217
110.0 140.0 -0.14166666666666672
115.0 140.0 -0.16611111111111115
115.0 140.0 -0.16611111111111115
120.0 140.0 -0.19055555555555562
125.0 140.0 -0.21500000000000005
130.0 140.0 -0.2394444444444445
135.0 140.0 -0.26388888888888895
140.0 140.0 -0.2883333333333334
140.0 140.0 -0.2883333333333334
145.0 140.0 -0.3127777777777778
150.0 140.0 -0.33722222222222226
155.0 140.0 -0.3616666666666667
160.0 140.0 -0.3861111111111112
165.0 140.0 -0.4105555555555556
165.0 140.0 -0.4105555555555556
170.0 140.0 -0.43500000000000005
175.0 140.0 -0.45944444444444443
180.0 140.0 -0.48388888888888887
185.0 140.0 -0.5083333333333333
190.0 140.0 -0.5327777777777778
190.0 140.0 -0.5327777777777778
195.0 140.0 -0.5572222222222222
200.0 140.0 -0.5816666666666667
205.0 140.0 -0.6061111111111112
210.0 140.0 -0.6305555555555555
215.0 140.0 -0.6550000000000002
215.0 140.0 -0.6550000000000002
0.0 145.0 0.40777777777777785
5.0 145.0 0.38333333333333336
10.0 145.0 0.3588888888888889
15.0 145.0 0.3344444444444445
20.0 145.0 0.31000000000000005
20.0 145.0 0.31000000000000005
25.0 145.0 0.2855555555555556
30.0 145.0 0.2611111111111112
35.0 145.0 0.23666666666666672
40.0 145.0 0.21222222222222228
45.0 145.0 0.18777777777777782
45.0 145.0 0.18777777777777782
50.0 145.0 0.16333333333333339
55.0 145.0 0.1388888888888889
60.0 145.0 0.11444444444444445
65.0 145.0 0.09
70.0 145.0 0.06555555555555556
70.0 145.0 0.06555555555555556
75.0 145.0 0.04111111111111111
80.0 145.0 0.016666666666666666
85.0 145.0 -0.0077777777777777776
90.0 145.0 -0.03222222222222222
95.0 145.0 -0.056666666666666615
95.0 145.0 -0.056666666666666615
100.0 145.0 -0.08111111111111106
105.0 145.0 -0.1055555555555555
110.0 145.0 -0.13000000000000006
115.0 145.0 -0.1544444444444445
120.0 145.0 -0.17888888888888893
120.0 145.0 -0.17888888888888893
125.0 145.0 -0.2033333333333334
130.0 145.0 -0.22777777777777783
135.0 145.0 -0.2522222222222223
140.0 145.0 -0.2766666666666667
145.0 145.0 -0.30111111111111116
145.0 145.0 -0.30111111111111116
150.0 145.0 -0.3255555555555556
155.0 145.0 -0.35000000000000003
160.0 145.0 -0.37444444444444447
165.0 145.0 -0.39888888888888896
170.0 145.0 -0.4233333333333334
170.0 145.0 -0.4233333333333334
175.0 145.0 -0.44777777777777783
180.0 145.0 -0.4722222222222222
185.0 145.0 -0.49666666666666665
190.0 145.0 -0.5211111111111111
195.0 145.0 -0.5455555555555556
195.0 145.0 -0.5455555555555556
200.0 145.0 -0.57
205.0 145.0 -0.5944444444444444
210.0 145.0 -0.6188888888888889
215.0 145.0 -0.6433333333333335
0.0 150.0 0.4194444444444445
0.0 150.0 0.4194444444444445
5.0 150.0 0.3950000000000001
10.0 150.0 0.3705555555555556
15.0 150.0 0.34611111111111115
20.0 150.0 0.3216666666666667
25.0 150.0 0.2972222222222223
25.0 150.0 0.2972222222222223
30.0 150.0 0.27277777777777784
35.0 150.0 0.24833333333333338
40.0 150.0 0.22388888888888894
45.0 150.0 0.1994444444444445
50.0 150.0 0.17500000000000004
50.0 150.0 0.17500000000000004
55.0 150.0 0.15055555555555555
60.0 150.0 0.12611111111111112
65.0 150.0 0.10166666666666667
70.0 150.0 0.07722222222222222
75.0 150.0 0.05277777777777778
75.0 150.0 0.05277777777777778
80.0 150.0 0.028333333333333332
85.0 150.0 0.0038888888888888888
90.0 150.0 -0.020555555555555556
95.0 150.0 -0.04499999999999995
100.0 150.0 -0.06944444444444439
100.0 150.0 -0.06944444444444439
105.0 150.0 -0.09388888888888884
110.0 150.0 -0.11833333333333339
115.0 150.0 -0.14277777777777784
120.0 150.0 -0.16722222222222227
125.0 150.0 -0.1916666666666667
125.0 150.0 -0.1916666666666667
130.0 150.0 -0.21611111111111117
135.0 150.0 -0.2405555555555556
140.0 150.0 -0.26500000000000007
145.0 150.0 -0.2894444444444445
150.0 150.0 -0.31388888888888894
150.0 150.0 -0.31388888888888894
155.0 150.0 -0.3383333333333334
160.0 150.0 -0.3627777777777778
165.0 150.0 -0.38722222222222225
170.0 150.0 -0.41166666666666674
175.0 150.0 -0.43611111111111117
175.0 150.0 -0.43611111111111117
180.0 150.0 -0.46055555555555555
185.0 150.0 -0.485
190.0 150.0 -0.5094444444444445
195.0 150.0 -0.5338888888888889
200.0 150.0 -0.5583333333333333
200.0 150.0 -0.5583333333333333
205.0 150.0 -0.5827777777777777
210.0 150.0 -0.6072222222222222
215.0 150.0 -0.6316666666666668
0.0 155.0 0.43111111111111117
5.0 155.0 0.40666666666666673
5.0 155.0 0.40666666666666673
10.0 155.0 0.3822222222222223
15.0 155.0 0.3577777777777778
20.0 155.0 0.33333333333333337
25.0 155.0 0.30888888888888894
30.0 155.0 0.2844444444444445
30.0 155.0 0.2844444444444445
35.0 155.0 0.26000000000000006
40.0 155.0 0.2355555555555556
45.0 155.0 0.21111111111111117
50.0 155.0 0.1866666666666667
55.0 155.0 0.1622222222222222
55.0 155.0 0.1622222222222222
60.0 155.0 0.13777777777777778
65.0 155.0 0.11333333333333333
70.0 155.0 0.08888888888888889
75.0 155.0 0.06444444444444444
80.0 155.0 0.04
80.0 155.0 0.04
85.0 155.0 0.015555555555555555
90.0 155.0 -0.008888888888888889
95.0 155.0 -0.033333333333333284
100.0 155.0 -0.05777777777777773
105.0 155.0 -0.08222222222222217
105.0 155.0 -0.08222222222222217
110.0 155.0 -0.10666666666666672
115.0 155.0 -0.13111111111111115
120.0 155.0 -0.1555555555555556
125.0 155.0 -0.18000000000000005
130.0 155.0 -0.20444444444444448
130.0 155.0 -0.20444444444444448
135.0 155.0 -0.22888888888888895
140.0 155.0 -0.2533333333333334
145.0 155.0 -0.27777777777777785
150.0 155.0 -0.3022222222222223
155.0 155.0 -0.3266666666666667
155.0 155.0 -0.3266666666666667
160.0 155.0 -0.35111111111111115
165.0 155.0 -0.3755555555555556
170.0 155.0 -0.4
175.0 155.0 -0.4244444444444445
180.0 155.0 -0.44888888888888895
180.0 155.0 -0.44888888888888895
185.0 155.0 -0.47333333333333333
190.0 155.0 -0.49777777777777776
195.0 155.0 -0.5222222222222223
200.0 155.0 -0.5466666666666666
205.0 155.0 -0.5711111111111111
205.0 155.0 -0.5711111111111111
210.0 155.0 -0.5955555555555555
215.0 155.0 -0.6200000000000002
0.0 160.0 0.4427777777777778
5.0 160.0 0.4183333333333334
10.0 160.0 0.39388888888888896
10.0 160.0 0.39388888888888896
15.0 160.0 0.3694444444444445
20.0 160.0 0.34500000000000003
25.0 160.0 0.3205555555555556
30.0 160.0 0.29611111111111116
35.0 160.0 0.2716666666666667
35.0 160.0 0.2716666666666667
40.0 160.0 0.24722222222222226
45.0 160.0 0.22277777777777782
50.0 160.0 0.1983333333333334
55.0 160.0 0.1738888888888889
60.0 160.0 0.14944444444444444
60.0 160.0 0.14944444444444444
65.0 160.0 0.125
70.0 160.0 0.10055555555555555
75.0 160.0 0.07611111111111112
80.0 160.0 0.051666666666666666
85.0 160.0 0.02722222222222222
85.0 160.0 0.02722222222222222
90.0 160.0 0.002777777777777778
95.0 160.0 -0.021666666666666615
100.0 160.0 -0.04611111111111106
105.0 160.0 -0.07055555555555551
110.0 160.0 -0.09500000000000006
110.0 160.0 -0.09500000000000006
115.0 160.0 -0.11944444444444449
120.0 160.0 -0.14388888888888893
125.0 160.0 -0.1683333333333334
130.0 160.0 -0.19277777777777783
135.0 160.0 -0.21722222222222226
135.0 160.0 -0.21722222222222226
140.0 160.0 -0.24166666666666672
145.0 160.0 -0.2661111111111112
150.0 160.0 -0.2905555555555556
155.0 160.0 -0.31500000000000006
160.0 160.0 -0.3394444444444445
160.0 160.0 -0.3394444444444445
165.0 160.0 -0.36388888888888893
170.0 160.0 -0.38833333333333336
175.0 160.0 -0.41277777777777785
180.0 160.0 -0.4372222222222223
185.0 160.0 -0.46166666666666667
185.0 160.0 -0.46166666666666667
190.0 160.0 -0.4861111111111111
195.0 160.0 -0.5105555555555555
200.0 160.0 -0.535
205.0 160.0 -0.5594444444444444
210.0 160.0 -0.5838888888888889
210.0 160.0 -0.5838888888888889
215.0 160.0 -0.6083333333333335
0.0 165.0 0.45444444444444454
5.0 165.0 0.43000000000000005
10.0 165.0 0.4055555555555556
15.0 165.0 0.3811111111111112
15.0 165.0 0.3811111111111112
20.0 165.0 0.35666666666666674
25.0 165.0 0.33222222222222225
30.0 165.0 0.3077777777777778
35.0 165.0 0.2833333333333334
40.0 165.0 0.25888888888888895
40.0 165.0 0.25888888888888895
45.0 165.0 0.23444444444444448
50.0 165.0 0.21000000000000005
55.0 165.0 0.18555555555555556
60.0 165.0 0.16111111111111112
65.0 165.0 0.13666666666666666
65.0 165.0 0.13666666666666666
70.0 165.0 0.11222222222222222
75.0 165.0 0.08777777777777777
80.0 165.0 0.06333333333333334
85.0 165.0 0.03888888888888889
90.0 165.0 0.014444444444444444
90.0 165.0 0.014444444444444444
95.0 165.0 -0.00999999999999995
100.0 165.0 -0.034444444444444396
105.0 165.0 -0.05888888888888884
110.0 165.0 -0.08333333333333338
115.0 165.0 -0.10777777777777783
115.0 165.0 -0.10777777777777783
120.0 165.0 -0.13222222222222227
125.0 165.0 -0.1566666666666667
130.0 165.0 -0.18111111111111117
135.0 165.0 -0.2055555555555556
140.0 165.0 -0.23000000000000004
140.0 165.0 -0.23000000000000004
145.0 165.0 -0.2544444444444445
150.0 165.0 -0.27888888888888896
155.0 165.0 -0.3033333333333334
160.0 165.0 -0.32777777777777783
165.0 165.0 -0.35222222222222227
165.0 165.0 -0.35222222222222227
170.0 165.0 -0.3766666666666667
175.0 165.0 -0.40111111111111114
180.0 165.0 -0.42555555555555563
185.0 165.0 -0.45
190.0 165.0 -0.47444444444444445
190.0 165.0 -0.47444444444444445
195.0 165.0 -0.4988888888888889
200.0 165.0 -0.5233333333333333
205.0 165.0 -0.5477777777777778
210.0 165.0 -0.5722222222222222
215.0 165.0 -0.5966666666666669
215.0 165.0 -0.5966666666666669
0.0 170.0 0.4661111111111112
5.0 170.0 0.4416666666666667
10.0 170.0 0.41722222222222227
15.0 170.0 0.39277777777777784
20.0 170.0 0.3683333333333334
20.0 170.0 0.3683333333333334
25.0 170.0 0.34388888888888897
30.0 170.0 0.3194444444444445
35.0 170.0 0.29500000000000004
40.0 170.0 0.2705555555555556
45.0 170.0 0.24611111111111117
45.0 170.0 0.24611111111111117
50.0 170.0 0.2216666666666667
55.0 170.0 0.19722222222222222
60.0 170.0 0.17277777777777778
65.0 170.0 0.14833333333333334
70.0 170.0 0.1238888888888889
70.0 170.0 0.1238888888888889
75.0 170.0 0.09944444444444445
80.0 170.0 0.075
85.0 170.0 0.050555555555555555
90.0 170.0 0.026111111111111113
95.0 170.0 0.0016666666666667166
95.0 170.0 0.0016666666666667166
100.0 170.0 -0.022777777777777727
105.0 170.0 -0.04722222222222217
110.0 170.0 -0.07166666666666671
115.0 170.0 -0.09611111111111116
120.0 170.0 -0.12055555555555561
120.0 170.0 -0.12055555555555561
125.0 170.0 -0.14500000000000005
130.0 170.0 -0.16944444444444448
135.0 170.0 -0.19388888888888894
140.0 170.0 -0.21833333333333338
145.0 170.0 -0.24277777777777781
145.0 170.0 -0.24277777777777781
150.0 170.0 -0.26722222222222225
155.0 170.0 -0.29166666666666674
160.0 170.0 -0.3161111111111112
165.0 170.0 -0.3405555555555556
170.0 170.0 -0.36500000000000005
170.0 170.0 -0.36500000000000005
175.0 170.0 -0.3894444444444445
180.0 170.0 -0.4138888888888889
185.0 170.0 -0.4383333333333333
190.0 170.0 -0.4627777777777778
195.0 170.0 -0.4872222222222222
195.0 170.0 -0.4872222222222222
200.0 170.0 -0.5116666666666667
205.0 170.0 -0.5361111111111111
210.0 170.0 -0.5605555555555556
215.0 170.0 -0.5850000000000002
0.0 175.0 0.47777777777777786
0.0 175.0 0.47777777777777786
5.0 175.0 0.4533333333333334
10.0 175.0 0.42888888888888893
15.0 175.0 0.4044444444444445
20.0 175.0 0.38000000000000006
25.0 175.0 0.3555555555555556
25.0 175.0 0.3555555555555556
30.0 175.0 0.33111111111111113
35.0 175.0 0.3066666666666667
40.0 175.0 0.28222222222222226
45.0 175.0 0.25777777777777783
50.0 175.0 0.2333333333333334
50.0 175.0 0.2333333333333334
55.0 175.0 0.2088888888888889
60.0 175.0 0.18444444444444444
65.0 175.0 0.16
70.0 175.0 0.13555555555555557
75.0 175.0 0.1111111111111111
75.0 175.0 0.1111111111111111
80.0 175.0 0.08666666666666667
85.0 175.0 0.06222222222222222
90.0 175.0 0.03777777777777778
95.0 175.0 0.013333333333333383
100.0 175.0 -0.011111111111111061
100.0 175.0 -0.011111111111111061
105.0 175.0 -0.03555555555555551
110.0 175.0 -0.06000000000000005
115.0 175.0 -0.08444444444444449
120.0 175.0 -0.10888888888888894
125.0 175.0 -0.1333333333333334
125.0 175.0 -0.1333333333333334
130.0 175.0 -0.15777777777777782
135.0 175.0 -0.18222222222222229
140.0 175.0 -0.20666666666666672
145.0 175.0 -0.23111111111111116
150.0 175.0 -0.2555555555555556
150.0 175.0 -0.2555555555555556
155.0 175.0 -0.28
160.0 175.0 -0.3044444444444445
165.0 175.0 -0.32888888888888895
170.0 175.0 -0.3533333333333334
175.0 175.0 -0.3777777777777778
175.0 175.0 -0.3777777777777778
180.0 175.0 -0.40222222222222226
185.0 175.0 -0.42666666666666664
190.0 175.0 -0.45111111111111113
195.0 175.0 -0.47555555555555556
200.0 175.0 -0.5
200.0 175.0 -0.5
205.0 175.0 -0.5244444444444445
210.0 175.0 -0.5488888888888889
215.0 175.0 -0.5733333333333336
0.0 180.0 0.48944444444444457
5.0 180.0 0.4650000000000001
5.0 180.0 0.4650000000000001
10.0 180.0 0.4405555555555556
15.0 180.0 0.41611111111111115
20.0 180.0 0.3916666666666667
25.0 180.0 0.3672222222222223
30.0 180.0 0.34277777777777785
30.0 180.0 0.34277777777777785
35.0 180.0 0.31833333333333336
40.0 180.0 0.2938888888888889
45.0 180.0 0.2694444444444445
50.0 180.0 0.24500000000000005
55.0 180.0 0.22055555555555556
55.0 180.0 0.22055555555555556
60.0 180.0 0.19611111111111112
65.0 180.0 0.17166666666666666
70.0 180.0 0.14722222222222223
75.0 180.0 0.12277777777777778
80.0 180.0 0.09833333333333333
80.0 180.0 0.09833333333333333
85.0 180.0 0.07388888888888889
90.0 180.0 0.049444444444444444
95.0 180.0 0.02500000000000005
100.0 180.0 0.0005555555555556054
105.0 180.0 -0.023888888888888838
105.0 180.0 -0.023888888888888838
110.0 180.0 -0.04833333333333338
115.0 180.0 -0.07277777777777783
120.0 180.0 -0.09722222222222227
125.0 180.0 -0.12166666666666671
130.0 180.0 -0.14611111111111116
130.0 180.0 -0.14611111111111116
135.0 180.0 -0.1705555555555556
140.0 180.0 -0.19500000000000006
145.0 180.0 -0.2194444444444445
150.0 180.0 -0.24388888888888893
155.0 180.0 -0.26833333333333337
155.0 180.0 -0.26833333333333337
160.0 180.0 -0.2927777777777778
165.0 180.0 -0.3172222222222223
170.0 180.0 -0.34166666666666673
175.0 180.0 -0.36611111111111116
180.0 180.0 -0.3905555555555556
180.0 180.0 -0.3905555555555556
185.0 180.0 -0.4149999999999999
190.0 180.0 -0.4394444444444444
195.0 180.0 -0.4638888888888889
200.0 180.0 -0.48833333333333334
205.0 180.0 -0.5127777777777778
205.0 180.0 -0.5127777777777778
210.0 180.0 -0.5372222222222223
215.0 180.0 -0.5616666666666669
0.0 185.0 0.5011111111111112
5.0 185.0 0.4766666666666668
10.0 185.0 0.4522222222222223
10.0 185.0 0.4522222222222223
15.0 185.0 0.4277777777777778
20.0 185.0 0.4033333333333334
25.0 185.0 0.37888888888888894
30.0 185.0 0.3544444444444445
35.0 185.0 0.33000000000000007
35.0 185.0 0.33000000000000007
40.0 185.0 0.3055555555555556
45.0 185.0 0.28111111111111114
50.0 185.0 0.2566666666666667
55.0 185.0 0.23222222222222222
60.0 185.0 0.20777777777777778
60.0 185.0 0.20777777777777778
65.0 185.0 0.18333333333333332
70.0 185.0 0.15888888888888889
75.0 185.0 0.13444444444444445
80.0 185.0 0.11
85.0 185.0 0.08555555555555555
85.0 185.0 0.08555555555555555
90.0 185.0 0.06111111111111111
95.0 185.0 0.036666666666666715
100.0 185.0 0.012222222222222271
105.0 185.0 -0.012222222222222173
110.0 185.0 -0.036666666666666715
110.0 185.0 -0.036666666666666715
115.0 185.0 -0.06111111111111116
120.0 185.0 -0.0855555555555556
125.0 185.0 -0.11000000000000006
130.0 185.0 -0.1344444444444445
135.0 185.0 -0.15888888888888894
135.0 185.0 -0.15888888888888894
140.0 185.0 -0.18333333333333338
145.0 185.0 -0.20777777777777784
150.0 185.0 -0.23222222222222227
155.0 185.0 -0.2566666666666667
160.0 185.0 -0.28111111111111114
160.0 185.0 -0.28111111111111114
165.0 185.0 -0.3055555555555556
170.0 185.0 -0.33000000000000007
175.0 185.0 -0.3544444444444445
180.0 185.0 -0.37888888888888894
185.0 185.0 -0.40333333333333327
185.0 185.0 -0.40333333333333327
190.0 185.0 -0.4277777777777777
195.0 185.0 -0.45222222222222225
200.0 185.0 -0.4766666666666667
205.0 185.0 -0.5011111111111111
210.0 185.0 -0.5255555555555556
210.0 185.0 -0.5255555555555556
215.0 185.0 -0.5500000000000002
0.0 190.0 0.5127777777777779
5.0 190.0 0.48833333333333345
10.0 190.0 0.46388888888888896
15.0 190.0 0.43944444444444447
15.0 190.0 0.43944444444444447
20.0 190.0 0.41500000000000004
25.0 190.0 0.3905555555555556
30.0 190.0 0.36611111111111116
35.0 190.0 0.34166666666666673
40.0 190.0 0.3172222222222223
40.0 190.0 0.3172222222222223
45.0 190.0 0.2927777777777778
50.0 190.0 0.26833333333333337
55.0 190.0 0.24388888888888888
60.0 190.0 0.21944444444444444
65.0 190.0 0.195
65.0 190.0 0.195
70.0 190.0 0.17055555555555554
75.0 190.0 0.1461111111111111
80.0 190.0 0.12166666666666667
85.0 190.0 0.09722222222222222
90.0 190.0 0.07277777777777777
90.0 190.0 0.07277777777777777
95.0 190.0 0.04833333333333338
100.0 190.0 0.02388888888888894
105.0 190.0 -0.0005555555555555057
110.0 190.0 -0.02500000000000005
115.0 190.0 -0.04944444444444449
115.0 190.0 -0.04944444444444449
120.0 190.0 -0.07388888888888893
125.0 190.0 -0.09833333333333338
130.0 190.0 -0.12277777777777783
135.0 190.0 -0.14722222222222228
140.0 190.0 -0.17166666666666672
140.0 190.0 -0.17166666666666672
145.0 190.0 -0.19611111111111115
150.0 190.0 -0.22055555555555562
155.0 190.0 -0.24500000000000005
160.0 190.0 -0.2694444444444445
165.0 190.0 -0.2938888888888889
165.0 190.0 -0.2938888888888889
170.0 190.0 -0.31833333333333336
175.0 190.0 -0.34277777777777785
180.0 190.0 -0.3672222222222223
185.0 190.0 -0.3916666666666666
190.0 190.0 -0.41611111111111104
190.0 190.0 -0.41611111111111104
195.0 190.0 -0.4405555555555555
200.0 190.0 -0.465
205.0 190.0 -0.48944444444444446
210.0 190.0 -0.5138888888888888
215.0 190.0 -0.5383333333333336
215.0 190.0 -0.5383333333333336
0.0 195.0 0.5244444444444445
5.0 195.0 0.5000000000000001
10.0 195.0 0.4755555555555557
15.0 195.0 0.4511111111111112
20.0 195.0 0.42666666666666675
20.0 195.0 0.42666666666666675
25.0 195.0 0.4022222222222223
30.0 195.0 0.3777777777777779
35.0 195.0 0.35333333333333344
40.0 195.0 0.328888888888889
45.0 195.0 0.3044444444444445
45.0 195.0 0.3044444444444445
50.0 195.0 0.2800000000000001
55.0 195.0 0.2555555555555556
60.0 195.0 0.23111111111111116
65.0 195.0 0.20666666666666672
70.0 195.0 0.18222222222222229
70.0 195.0 0.18222222222222229
75.0 195.0 0.15777777777777782
80.0 195.0 0.1333333333333334
85.0 195.0 0.10888888888888894
90.0 195.0 0.08444444444444449
95.0 195.0 0.0600000000000001
95.0 195.0 0.0600000000000001
100.0 195.0 0.03555555555555565
105.0 195.0 0.01111111111111121
110.0 195.0 -0.013333333333333334
115.0 195.0 -0.03777777777777778
120.0 195.0 -0.06222222222222222
120.0 195.0 -0.06222222222222222
125.0 195.0 -0.08666666666666667
130.0 195.0 -0.1111111111111111
135.0 195.0 -0.13555555555555557
140.0 195.0 -0.16
145.0 195.0 -0.18444444444444444
145.0 195.0 -0.18444444444444444
150.0 195.0 -0.2088888888888889
155.0 195.0 -0.23333333333333334
160.0 195.0 -0.2577777777777778
165.0 195.0 -0.2822222222222222
170.0 195.0 -0.30666666666666664
170.0 195.0 -0.30666666666666664
175.0 195.0 -0.33111111111111113
180.0 195.0 -0.35555555555555557
185.0 195.0 -0.3799999999999999
190.0 195.0 -0.40444444444444433
195.0 195.0 -0.42888888888888876
195.0 195.0 -0.42888888888888876
200.0 195.0 -0.45333333333333325
205.0 195.0 -0.4777777777777777
210.0 195.0 -0.5022222222222221
215.0 195.0 -0.5266666666666667
0.0 200.0 0.5361111111111112
0.0 200.0 0.5361111111111112
5.0 200.0 0.5116666666666667
10.0 200.0 0.48722222222222233
15.0 200.0 0.4627777777777779
20.0 200.0 0.4383333333333334
25.0 200.0 0.413888888888889
25.0 200.0 0.413888888888889
30.0 200.0 0.38944444444444454
35.0 200.0 0.3650000000000001
40.0 200.0 0.34055555555555567
45.0 200.0 0.31611111111111123
50.0 200.0 0.29166666666666674
50.0 200.0 0.29166666666666674
55.0 200.0 0.26722222222222225
60.0 200.0 0.24277777777777781
65.0 200.0 0.21833333333333338
70.0 200.0 0.19388888888888894
75.0 200.0 0.16944444444444448
75.0 200.0 0.16944444444444448
80.0 200.0 0.14500000000000005
85.0 200.0 0.12055555555555561
90.0 200.0 0.09611111111111116
95.0 200.0 0.07166666666666677
100.0 200.0 0.047222222222222325
100.0 200.0 0.047222222222222325
105.0 200.0 0.022777777777777876
110.0 200.0 -0.0016666666666666668
115.0 200.0 -0.026111111111111113
120.0 200.0 -0.050555555555555555
125.0 200.0 -0.075
125.0 200.0 -0.075
130.0 200.0 -0.09944444444444445
135.0 200.0 -0.1238888888888889
140.0 200.0 -0.14833333333333334
145.0 200.0 -0.17277777777777778
150.0 200.0 -0.19722222222222222
150.0 200.0 -0.19722222222222222
155.0 200.0 -0.22166666666666668
160.0 200.0 -0.2461111111111111
165.0 200.0 -0.27055555555555555
170.0 200.0 -0.295
175.0 200.0 -0.3194444444444444
175.0 200.0 -0.3194444444444444
180.0 200.0 -0.3438888888888889
185.0 200.0 -0.36833333333333323
190.0 200.0 -0.39277777777777767
195.0 200.0 -0.4172222222222221
200.0 200.0 -0.44166666666666654
200.0 200.0 -0.44166666666666654
205.0 200.0 -0.46611111111111103
210.0 200.0 -0.49055555555555547
215.0 200.0 -0.5150000000000001
0.0 205.0 0.5477777777777779
5.0 205.0 0.5233333333333334
5.0 205.0 0.5233333333333334
10.0 205.0 0.498888888888889
15.0 205.0 0.47444444444444456
20.0 205.0 0.4500000000000001
25.0 205.0 0.42555555555555563
30.0 205.0 0.4011111111111112
30.0 205.0 0.4011111111111112
35.0 205.0 0.37666666666666676
40.0 205.0 0.3522222222222223
45.0 205.0 0.3277777777777779
50.0 205.0 0.30333333333333345
55.0 205.0 0.27888888888888896
55.0 205.0 0.27888888888888896
60.0 205.0 0.2544444444444445
65.0 205.0 0.23000000000000004
70.0 205.0 0.2055555555555556
75.0 205.0 0.18111111111111117
80.0 205.0 0.1566666666666667
80.0 205.0 0.1566666666666667
85.0 205.0 0.13222222222222227
90.0 205.0 0.10777777777777783
95.0 205.0 0.08333333333333344
100.0 205.0 0.05888888888888899
105.0 205.0 0.03444444444444454
105.0 205.0 0.03444444444444454
110.0 205.0 0.01
115.0 205.0 -0.014444444444444444
120.0 205.0 -0.03888888888888889
125.0 205.0 -0.06333333333333334
130.0 205.0 -0.08777777777777777
130.0 205.0 -0.08777777777777777
135.0 205.0 -0.11222222222222222
140.0 205.0 -0.13666666666666666
145.0 205.0 -0.16111111111111112
150.0 205.0 -0.18555555555555556
155.0 205.0 -0.21
155.0 205.0 -0.21
160.0 205.0 -0.23444444444444446
165.0 205.0 -0.2588888888888889
170.0 205.0 -0.2833333333333333
175.0 205.0 -0.30777777777777776
180.0 205.0 -0.3322222222222222
180.0 205.0 -0.3322222222222222
185.0 205.0 -0.3566666666666666
190.0 205.0 -0.381111111111111
195.0 205.0 -0.40555555555555545
200.0 205.0 -0.4299999999999999
205.0 205.0 -0.4544444444444443
205.0 205.0 -0.4544444444444443
210.0 205.0 -0.4788888888888888
215.0 205.0 -0.5033333333333334
0.0 210.0 0.5594444444444445
5.0 210.0 0.5350000000000001
10.0 210.0 0.5105555555555557
10.0 210.0 0.5105555555555557
15.0 210.0 0.4861111111111112
20.0 210.0 0.4616666666666668
25.0 210.0 0.43722222222222235
30.0 210.0 0.41277777777777785
35.0 210.0 0.3883333333333334
35.0 210.0 0.3883333333333334
40.0 210.0 0.363888888888889
45.0 210.0 0.33944444444444455
50.0 210.0 0.3150000000000001
55.0 210.0 0.2905555555555556
60.0 210.0 0.2661111111111112
60.0 210.0 0.2661111111111112
65.0 210.0 0.24166666666666672
70.0 210.0 0.21722222222222226
75.0 210.0 0.19277777777777783
80.0 210.0 0.1683333333333334
85.0 210.0 0.14388888888888893
85.0 210.0 0.14388888888888893
90.0 210.0 0.11944444444444449
95.0 210.0 0.0950000000000001
100.0 210.0 0.07055555555555565
105.0 210.0 0.046111111111111214
110.0 210.0 0.021666666666666667
110.0 210.0 0.021666666666666667
115.0 210.0 -0.002777777777777778
120.0 210.0 -0.02722222222222222
125.0 210.0 -0.051666666666666666
130.0 210.0 -0.07611111111111112
135.0 210.0 -0.10055555555555555
135.0 210.0 -0.10055555555555555
140.0 210.0 -0.125
145.0 210.0 -0.14944444444444444
150.0 210.0 -0.1738888888888889
155.0 210.0 -0.19833333333333333
160.0 210.0 -0.22277777777777777
160.0 210.0 -0.22277777777777777
165.0 210.0 -0.24722222222222223
170.0 210.0 -0.27166666666666667
175.0 210.0 -0.2961111111111111
180.0 210.0 -0.32055555555555554
185.0 210.0 -0.3449999999999999
185.0 210.0 -0.3449999999999999
190.0 210.0 -0.36944444444444435
195.0 210.0 -0.3938888888888888
200.0 210.0 -0.4183333333333332
205.0 210.0 -0.44277777777777766
210.0 210.0 -0.46722222222222215
210.0 210.0 -0.46722222222222215
215.0 210.0 -0.49166666666666675
0.0 215.0 0.5711111111111112
5.0 215.0 0.5466666666666667
10.0 215.0 0.5222222222222224
15.0 215.0 0.4977777777777779
15.0 215.0 0.4977777777777779
20.0 215.0 0.47333333333333344
25.0 215.0 0.448888888888889
30.0 215.0 0.42444444444444457
35.0 215.0 0.4000000000000001
40.0 215.0 0.37555555555555564
40.0 215.0 0.37555555555555564
45.0 215.0 0.3511111111111112
50.0 215.0 0.32666666666666677
55.0 215.0 0.3022222222222223
60.0 215.0 0.27777777777777785
65.0 215.0 0.2533333333333334
65.0 215.0 0.2533333333333334
70.0 215.0 0.22888888888888895
75.0 215.0 0.20444444444444448
80.0 215.0 0.18000000000000005
85.0 215.0 0.1555555555555556
90.0 215.0 0.13111111111111115
90.0 215.0 0.13111111111111115
95.0 215.0 0.10666666666666677
100.0 215.0 0.08222222222222232
105.0 215.0 0.05777777777777788
110.0 215.0 0.03333333333333333
115.0 215.0 0.008888888888888889
115.0 215.0 0.008888888888888889
120.0 215.0 -0.015555555555555555
125.0 215.0 -0.04
130.0 215.0 -0.06444444444444444
135.0 215.0 -0.08888888888888889
140.0 215.0 -0.11333333333333333
140.0 215.0 -0.11333333333333333
145.0 215.0 -0.13777777777777778
150.0 215.0 -0.1622222222222222
155.0 215.0 -0.18666666666666668
160.0 215.0 -0.2111111111111111
165.0 215.0 -0.23555555555555555
165.0 215.0 -0.23555555555555555
170.0 215.0 -0.26
175.0 215.0 -0.28444444444444444
180.0 215.0 -0.3088888888888889
185.0 215.0 -0.33333333333333326
190.0 215.0 -0.3577777777777777
190.0 215.0 -0.3577777777777777
195.0 215.0 -0.38222222222222213
200.0 215.0 -0.40666666666666657
205.0 215.0 -0.431111111111111
210.0 215.0 -0.45555555555555544
215.0 215.0 -0.4800000000000001
215.0 215.0 -0.4800000000000001
