0.000000 0.000000 0.000000 0.000000 0.000000 0.000000 0.000000 0.000000 0.000000 0.000000 0.000000 0.000000 0.000000 0.000000
2929.000000 101101101.101010 0.000000 0.000000 0.000000 0.000000 0.000000 0.000000 0.000000 0.000000 0.000000 0.000000 0.000000 0.000000
1.000000 101101101.101010 0.000000 0.000000 3.000000 0.000000 0.000000 0.000000 5.000000 0.000000 0.000000 0.000000 0.000000 1.000000
1.000000 101101101.101010 112.000000 82.000000 3.000000 0.000000 0.000000 0.000000 100.000000 0.000000 0.000000 0.000000 0.000000 1.000000
92.000000 101101101.101010 110.000000 110.000000 3.000000 0.000000 0.000000 0.000000 100.000000 0.000000 0.000000 0.000000 0.000000 0.000000
1.000000 101101101.101010 40.000000 40.000000 3.000000 0.000000 0.000000 0.000000 100.000000 0.000000 0.000000 0.000000 0.000000 1.000000
28.000000 101101101.101010 40.000000 40.000000 10201.102012 0.000000 0.000000 0.000000 100.000000 0.000000 0.000000 0.000000 0.000000 0.000000
1.000000 101101101.101010 80.000000 40.000000 3.000000 0.000000 0.000000 0.000000 100.000000 0.000000 0.000000 0.000000 0.000000 1.000000
28.000000 101101101.101010 80.000000 40.000000 10201.102012 0.000000 0.000000 0.000000 100.000000 0.000000 0.000000 0.000000 0.000000 0.000000
1.000000 101101101.101010 120.000000 40.000000 3.000000 0.000000 0.000000 0.000000 100.000000 0.000000 0.000000 0.000000 0.000000 1.000000
28.000000 101101101.101010 120.000000 40.000000 10201.102012 0.000000 0.000000 0.000000 100.000000 0.000000 0.000000 0.000000 0.000000 0.000000
1.000000 101101101.101010 160.000000 40.000000 3.000000 0.000000 0.000000 0.000000 100.000000 0.000000 0.000000 0.000000 0.000000 1.000000
28.000000 101101101.101010 160.000000 40.000000 10201.102012 0.000000 0.000000 0.000000 100.000000 0.000000 0.000000 0.000000 0.000000 0.000000
1.000000 101101101.101010 40.000000 80.000000 3.000000 0.000000 0.000000 0.000000 100.000000 0.000000 0.000000 0.000000 0.000000 1.000000
28.000000 101101101.101010 40.000000 80.000000 10201.102012 0.000000 0.000000 0.000000 100.000000 0.000000 0.000000 0.000000 0.000000 0.000000
1.000000 101101101.101010 80.000000 80.000000 3.000000 0.000000 0.000000 0.000000 100.000000 0.000000 0.000000 0.000000 0.000000 1.000000
28.000000 101101101.101010 80.000000 80.000000 10201.102012 0.000000 0.000000 0.000000 100.000000 0.000000 0.000000 0.000000 0.000000 0.000000
1.000000 101101101.101010 120.000000 80.000000 3.000000 0.000000 0.000000 0.000000 100.000000 0.000000 0.000000 0.000000 0.000000 1.000000
28.000000 101101101.101010 120.000000 80.000000 10201.102012 0.000000 0.000000 0.000000 100.000000 0.000000 0.000000 0.000000 0.000000 0.000000
1.000000 101101101.101010 160.000000 80.000000 3.000000 0.000000 0.000000 0.000000 100.000000 0.000000 0.000000 0.000000 0.000000 1.000000
28.000000 101101101.101010 160.000000 80.000000 10201.102012 0.000000 0.000000 0.000000 100.000000 0.000000 0.000000 0.000000 0.000000 0.000000
1.000000 101101101.101010 40.000000 120.000000 3.000000 0.000000 0.000000 0.000000 100.000000 0.000000 0.000000 0.000000 0.000000 1.000000
28.000000 101101101.101010 40.000000 120.000000 10201.102012 0.000000 0.000000 0.000000 100.000000 0.000000 0.000000 0.000000 0.000000 0.000000
1.000000 101101101.101010 80.000000 120.000000 3.000000 0.000000 0.000000 0.000000 100.000000 0.000000 0.000000 0.000000 0.000000 1.000000
28.000000 101101101.101010 80.000000 120.000000 10201.102012 0.000000 0.000000 0.000000 100.000000 0.000000 0.000000 0.000000 0.000000 0.000000
1.000000 101101101.101010 120.000000 120.000000 3.000000 0.000000 0.000000 0.000000 100.000000 0.000000 0.000000 0.000000 0.000000 1.000000
28.000000 101101101.101010 120.000000 120.000000 10201.102012 0.000000 0.000000 0.000000 100.000000 0.000000 0.000000 0.000000 0.000000 0.000000
1.000000 101101101.101010 160.000000 120.000000 3.000000 0.000000 0.000000 0.000000 100.000000 0.000000 0.000000 0.000000 0.000000 1.000000
28.000000 101101101.101010 160.000000 120.000000 10201.102012 0.000000 0.000000 0.000000 100.000000 0.000000 0.000000 0.000000 0.000000 0.000000
1.000000 101101101.101010 40.000000 160.000000 3.000000 0.000000 0.000000 0.000000 100.000000 0.000000 0.000000 0.000000 0.000000 1.000000
28.000000 101101101.101010 40.000000 160.000000 10201.102012 0.000000 0.000000 0.000000 100.000000 0.000000 0.000000 0.000000 0.000000 0.000000
1.000000 101101101.101010 80.000000 160.000000 3.000000 0.000000 0.000000 0.000000 100.000000 0.000000 0.000000 0.000000 0.000000 1.000000
28.000000 101101101.101010 80.000000 160.000000 10201.102012 0.000000 0.000000 0.000000 100.000000 0.000000 0.000000 0.000000 0.000000 0.000000
1.000000 101101101.101010 120.000000 160.000000 3.000000 0.000000 0.000000 0.000000 100.000000 0.000000 0.000000 0.000000 0.000000 1.000000
28.000000 101101101.101010 120.000000 160.000000 10201.102012 0.000000 0.000000 0.000000 100.000000 0.000000 0.000000 0.000000 0.000000 0.000000
1.000000 101101101.101010 160.000000 160.000000 3.000000 0.000000 0.000000 0.000000 100.000000 0.000000 0.000000 0.000000 0.000000 1.000000
28.000000 101101101.101010 160.000000 160.000000 10201.102012 0.000000 0.000000 0.000000 100.000000 0.000000 0.000000 0.000000 0.000000 0.000000
1.000000 101101101.101010 110.000000 110.000000 3.000000 0.000000 0.000000 0.000000 100.000000 0.000000 0.000000 0.000000 0.000000 1.000000
92.000000 101101101.101010 112.000000 82.000000 3.000000 0.000000 0.000000 0.000000 100.000000 0.000000 0.000000 0.000000 0.000000 0.000000
1.000000 101101101.101010 0.000000 0.000000 3.000000 0.000000 0.000000 0.000000 100.000000 0.000000 0.000000 0.000000 0.000000 1.000000
1.000000 101101101.101010 0.000000 0.000000 0.000000 0.000000 0.000000 0.000000 5.000000 0.000000 0.000000 0.000000 0.000000 1.000000
2929.000000 101101101.101010 0.000000 0.000000 0.000000 0.000000 0.000000 0.000000 5.000000 0.000000 0.000000 0.000000 0.000000 0.000000
