0.0 0.0 0.7953236528647394
0.0 0.0 0.7953236528647394
5.0 0.0 0.7650030363610272
10.0 0.0 0.7326855531392056
15.0 0.0 0.6982478145384792
20.0 0.0 0.6615725026869947
25.0 0.0 0.6225551496782331
25.0 0.0 0.6225551496782331
30.0 0.0 0.5811119452465086
35.0 0.0 0.5371877711950268
40.0 0.0 0.49076346485325706
45.0 0.0 0.4418614433104864
50.0 0.0 0.39054927092267233
50.0 0.0 0.39054927092267233
55.0 0.0 0.33694131078716705
60.0 0.0 0.2811989568366897
65.0 0.0 0.22352989443868498
70.0 0.0 0.16418641114874477
75.0 0.0 0.10346219697561354
75.0 0.0 0.10346219697561354
80.0 0.0 0.041686631907072336
85.0 0.0 -0.020784469039397013
90.0 0.0 -0.0835821106957404
95.0 0.0 -0.14634064561386095
100.0 0.0 -0.20871533217572225
100.0 0.0 -0.20871533217572225
105.0 0.0 -0.27039745061736387
110.0 0.0 -0.3311233089880323
115.0 0.0 -0.39067471519866137
120.0 0.0 -0.4488708300285751
125.0 0.0 -0.505553753628333
125.0 0.0 -0.505553753628333
130.0 0.0 -0.5605717269954678
135.0 0.0 -0.6137640629294352
140.0 0.0 -0.664951175200732
145.0 0.0 -0.7139319390341359
150.0 0.0 -0.7604894673031692
150.0 0.0 -0.7604894673031692
155.0 0.0 -0.8044052196306954
160.0 0.0 -0.8454799660680918
165.0 0.0 -0.8835584443166753
170.0 0.0 -0.9185529679146041
175.0 0.0 -0.9504605769121954
175.0 0.0 -0.9504605769121954
180.0 0.0 -0.9793693346917056
185.0 0.0 -1.005452085033753
190.0 0.0 -1.0289493901478517
195.0 0.0 -1.0501459880764137
200.0 0.0 -1.0693459416744409
200.0 0.0 -1.0693459416744409
205.0 0.0 -1.0868507454021477
210.0 0.0 -1.1029428306851634
215.0 0.0 -1.1178750897708167
0.0 5.0 0.8268017074741474
5.0 5.0 0.7970356602338633
5.0 5.0 0.7970356602338633
10.0 5.0 0.7652234925965495
15.0 5.0 0.7312253282614254
20.0 5.0 0.6949052419749564
25.0 5.0 0.6561389077331068
30.0 5.0 0.6148226995953117
30.0 5.0 0.6148226995953117
35.0 5.0 0.5708832255810035
40.0 5.0 0.5242859457897802
45.0 5.0 0.47504168232763
50.0 5.0 0.42321049980766423
55.0 5.0 0.368903293891087
55.0 5.0 0.368903293891087
60.0 5.0 0.31228197176607075
65.0 5.0 0.25355902167083055
70.0 5.0 0.1929966023667835
75.0 5.0 0.1309043763270732
80.0 5.0 0.06763457892930136
80.0 5.0 0.06763457892930136
85.0 5.0 0.0035726302645122665
90.0 5.0 -0.06087776133272582
95.0 5.0 -0.12531448450438187
100.0 5.0 -0.1893591790160154
105.0 5.0 -0.25267697164069824
105.0 5.0 -0.25267697164069824
110.0 5.0 -0.31498856527732544
115.0 5.0 -0.37607109063471
120.0 5.0 -0.4357474826250427
125.0 5.0 -0.49386762808898244
130.0 5.0 -0.5502865540084829
130.0 5.0 -0.5502865540084829
135.0 5.0 -0.6048449834277045
140.0 5.0 -0.6573563426569198
145.0 5.0 -0.7076027685009989
150.0 5.0 -0.7553413857008833
155.0 5.0 -0.8003209650849001
155.0 5.0 -0.8003209650849001
160.0 5.0 -0.8423075347324875
165.0 5.0 -0.8811153220761812
170.0 5.0 -0.9166370187477431
175.0 5.0 -0.9488660559342921
180.0 5.0 -0.9779047138511054
180.0 5.0 -0.9779047138511054
185.0 5.0 -1.0039556828727676
190.0 5.0 -1.0272996208535314
195.0 5.0 -1.048264930535732
200.0 5.0 -1.067196887605287
205.0 5.0 -1.084431615327142
205.0 5.0 -1.084431615327142
210.0 5.0 -1.1002776368832037
215.0 5.0 -1.1150052438533584
0.0 10.0 0.858631758385662
5.0 10.0 0.8294976180257945
10.0 10.0 0.7982778221508922
10.0 10.0 0.7982778221508922
15.0 10.0 0.764816295730355
20.0 10.0 0.7289583486004598
25.0 10.0 0.6905591591476699
30.0 10.0 0.6494942400861081
35.0 10.0 0.6056706223555532
35.0 10.0 0.6056706223555532
40.0 10.0 0.5590369637432226
45.0 10.0 0.5095909568764807
50.0 10.0 0.4573833745220255
55.0 10.0 0.4025193655755053
60.0 10.0 0.3451584245445827
60.0 10.0 0.3451584245445827
65.0 10.0 0.2855143157980775
70.0 10.0 0.22385525075251023
75.0 10.0 0.16050329773269834
80.0 10.0 0.09583090609614153
85.0 10.0 0.030252009247889955
85.0 10.0 0.030252009247889955
90.0 10.0 -0.03579417232674409
95.0 10.0 -0.10186653096074005
100.0 10.0 -0.16754953033787157
105.0 10.0 -0.23247859232860257
110.0 10.0 -0.2963561751961383
110.0 10.0 -0.2963561751961383
115.0 10.0 -0.35895339416751115
120.0 10.0 -0.42009673563803807
125.0 10.0 -0.47964428532147396
130.0 10.0 -0.5374584768096295
135.0 10.0 -0.5933820559893843
135.0 10.0 -0.5933820559893843
140.0 10.0 -0.6472219792914058
145.0 10.0 -0.6987439438086
150.0 10.0 -0.7476789345814816
155.0 10.0 -0.7937422084862009
160.0 10.0 -0.8366635898060955
160.0 10.0 -0.8366635898060955
165.0 10.0 -0.8762251972187491
170.0 10.0 -0.9122992512060133
175.0 10.0 -0.944876312109217
180.0 10.0 -0.9740754400523437
185.0 10.0 -1.0001329509027574
185.0 10.0 -1.0001329509027574
190.0 10.0 -1.0233734141018402
195.0 10.0 -1.044171590693077
200.0 10.0 -1.0629148789397687
205.0 10.0 -1.079973117098929
210.0 10.0 -1.0956785923090044
210.0 10.0 -1.0956785923090044
215.0 10.0 -1.1103158430410445
0.0 15.0 0.890683040517195
5.0 15.0 0.8622507213977841
10.0 15.0 0.8317039704383298
15.0 15.0 0.798871529799529
15.0 15.0 0.798871529799529
20.0 15.0 0.7635806301678207
25.0 15.0 0.7256662060801777
30.0 15.0 0.6849827070305403
35.0 15.0 0.641416990236044
40.0 15.0 0.5948999798672239
40.0 15.0 0.5948999798672239
45.0 15.0 0.5454149299617104
50.0 15.0 0.4930014495436137
55.0 15.0 0.4377562576091052
60.0 15.0 0.37983277717743724
65.0 15.0 0.31944145814945046
65.0 15.0 0.31944145814945046
70.0 15.0 0.2568513460903117
75.0 15.0 0.19239161839290508
80.0 15.0 0.12645029181045375
85.0 15.0 0.05946659096719742
90.0 15.0 -0.008085944204580642
90.0 15.0 -0.008085944204580642
95.0 15.0 -0.07572618932394137
100.0 15.0 -0.14299857981579267
105.0 15.0 -0.20950496757897463
110.0 15.0 -0.2749255552405727
115.0 15.0 -0.33902181950045884
115.0 15.0 -0.33902181950045884
120.0 15.0 -0.40162069662021693
125.0 15.0 -0.46258587669306905
130.0 15.0 -0.5217852284432305
135.0 15.0 -0.579062460033011
140.0 15.0 -0.6342181759032912
140.0 15.0 -0.6342181759032912
145.0 15.0 -0.687002937853562
150.0 15.0 -0.7371237311391075
155.0 15.0 -0.7842646894259688
160.0 15.0 -0.8281215666272388
165.0 15.0 -0.8684461346416934
165.0 15.0 -0.8684461346416934
170.0 15.0 -0.905091877504643
175.0 15.0 -0.938048665625582
180.0 15.0 -0.9674550520016494
185.0 15.0 -0.9935836716981059
190.0 15.0 -1.01680475876686
190.0 15.0 -1.01680475876686
195.0 15.0 -1.0375394981550587
200.0 15.0 -1.0562155911317492
205.0 15.0 -1.073233235331981
210.0 15.0 -1.0889442334581578
215.0 15.0 -1.103642891135058
215.0 15.0 -1.103642891135058
0.0 20.0 0.922810835329986
5.0 20.0 0.8951397371317547
10.0 20.0 0.8653367054651389
15.0 20.0 0.8332171227616489
20.0 20.0 0.7985918479321101
20.0 20.0 0.7985918479321101
25.0 20.0 0.7612769835104807
30.0 20.0 0.7211068769409057
35.0 20.0 0.6779486148822169
40.0 20.0 0.6317151451233427
45.0 20.0 0.5823742657970365
45.0 20.0 0.5823742657970365
50.0 20.0 0.5299524382614154
55.0 20.0 0.4745348021884763
60.0 20.0 0.41626428722905584
65.0 20.0 0.3553423948001002
70.0 20.0 0.2920324176725111
70.0 20.0 0.2920324176725111
75.0 20.0 0.22666357047043895
80.0 20.0 0.15963255604633764
85.0 20.0 0.09139803848748551
90.0 20.0 0.022463921499110473
95.0 20.0 -0.04665005306245096
95.0 20.0 -0.04665005306245096
100.0 20.0 -0.11544691413140562
105.0 20.0 -0.1834910706741124
110.0 20.0 -0.25043471672108986
115.0 20.0 -0.31602275963923043
120.0 20.0 -0.3800751861968257
120.0 20.0 -0.3800751861968257
125.0 20.0 -0.442454234339263
130.0 20.0 -0.5030274582966852
135.0 20.0 -0.5616360522366604
140.0 20.0 -0.6180737496056106
145.0 20.0 -0.6720785679438082
145.0 20.0 -0.6720785679438082
150.0 20.0 -0.7233387260029769
155.0 20.0 -0.7715141343691212
160.0 20.0 -0.8162738567724477
165.0 20.0 -0.8573461535677454
170.0 20.0 -0.8945714421760211
170.0 20.0 -0.8945714421760211
175.0 20.0 -0.9279431288412487
180.0 20.0 -0.9576218232023732
185.0 20.0 -0.9839170612686854
190.0 20.0 -1.007243078063996
195.0 20.0 -1.0280636579936886
195.0 20.0 -1.0280636579936886
200.0 20.0 -1.0468413521714848
205.0 20.0 -1.0640004426198173
210.0 20.0 -1.079905957223337
215.0 20.0 -1.0948562725473894
0.0 25.0 0.9548605562466543
0.0 25.0 0.9548605562466543
5.0 25.0 0.9279970218399589
10.0 25.0 0.8989952432590953
15.0 25.0 0.867659863351824
20.0 25.0 0.833788173420539
25.0 25.0 0.7971801871261488
25.0 25.0 0.7971801871261488
30.0 25.0 0.7576525116789394
35.0 25.0 0.7150540995880585
40.0 25.0 0.6692805198250906
45.0 25.0 0.6202834262933861
50.0 25.0 0.5680739956545513
50.0 25.0 0.5680739956545513
55.0 25.0 0.5127221318962956
60.0 25.0 0.45435511290729913
65.0 25.0 0.3931589242897773
70.0 25.0 0.3293833042997827
75.0 25.0 0.2633487724356174
75.0 25.0 0.2633487724356174
80.0 25.0 0.19545157102112287
85.0 25.0 0.12616104666417138
90.0 25.0 0.05600418810438068
95.0 25.0 -0.014465217707333444
100.0 25.0 -0.08470958063980216
100.0 25.0 -0.08470958063980216
105.0 25.0 -0.15425227500641125
110.0 25.0 -0.22270964023943907
115.0 25.0 -0.28979881652370487
120.0 25.0 -0.3553198692773074
125.0 25.0 -0.419120849033501
125.0 25.0 -0.419120849033501
130.0 25.0 -0.4810585731320405
135.0 25.0 -0.5409653473755498
140.0 25.0 -0.5986267845248441
145.0 25.0 -0.653772491475046
150.0 25.0 -0.7060808571941961
150.0 25.0 -0.7060808571941961
155.0 25.0 -0.75519997114831
160.0 25.0 -0.8007861681722008
165.0 25.0 -0.8425575666895488
170.0 25.0 -0.8803523136751905
175.0 25.0 -0.914174133187653
175.0 25.0 -0.914174133187653
180.0 25.0 -0.9442077715570825
185.0 25.0 -0.9707971573869925
190.0 25.0 -0.9943942627871172
195.0 25.0 -1.015496776432105
200.0 25.0 -1.0345924354088045
200.0 25.0 -1.0345924354088045
205.0 25.0 -1.0521202284204076
210.0 25.0 -1.068450165473588
215.0 25.0 -1.083878008134856
0.0 30.0 0.9866728453532159
5.0 30.0 0.9606485866327208
5.0 30.0 0.9606485866327208
10.0 30.0 0.9324903212566531
15.0 30.0 0.901995249605327
20.0 30.0 0.8689509084766267
25.0 30.0 0.833145266141138
30.0 30.0 0.7943809814894303
30.0 30.0 0.7943809814894303
35.0 30.0 0.7524918046982738
40.0 30.0 0.7073574168669281
45.0 30.0 0.658912992876775
50.0 30.0 0.6071521531381705
55.0 30.0 0.5521254595540128
55.0 30.0 0.5521254595540128
60.0 30.0 0.49393876742972775
65.0 30.0 0.43275523296395235
70.0 30.0 0.3688022438659857
75.0 30.0 0.30238144430234715
80.0 30.0 0.23387736124411185
80.0 30.0 0.23387736124411185
85.0 30.0 0.16375841125763668
90.0 30.0 0.09256397090036783
95.0 30.0 0.020873909100369792
100.0 30.0 -0.050736733478100815
105.0 30.0 -0.12174700511396042
105.0 30.0 -0.12174700511396042
110.0 30.0 -0.1917271390432278
115.0 30.0 -0.2603504483936523
120.0 30.0 -0.32737787311599864
125.0 30.0 -0.3926243720172431
130.0 30.0 -0.4559207212581975
130.0 30.0 -0.4559207212581975
135.0 30.0 -0.5170811059309997
140.0 30.0 -0.5758812226237924
145.0 30.0 -0.6320481830201079
150.0 30.0 -0.6852634569761551
155.0 30.0 -0.7351815633178187
155.0 30.0 -0.7351815633178187
160.0 30.0 -0.7814671264961597
165.0 30.0 -0.8238485976228909
170.0 30.0 -0.8621782675256306
175.0 30.0 -0.8964797043472512
180.0 30.0 -0.9269631806851215
180.0 30.0 -0.9269631806851215
185.0 30.0 -0.9540009581198159
190.0 30.0 -0.9780714330634801
195.0 30.0 -0.9996923970753413
200.0 30.0 -1.0193629161569089
205.0 30.0 -1.0375243969705346
205.0 30.0 -1.0375243969705346
210.0 30.0 -1.0545418940653186
215.0 30.0 -1.0707011241111644
0.0 35.0 1.0180889258735362
5.0 35.0 0.9929206206568102
10.0 35.0 0.965632029989905
10.0 35.0 0.965632029989905
15.0 35.0 0.9360166610899032
20.0 35.0 0.9038568413376116
25.0 35.0 0.868933536197837
30.0 35.0 0.8310403990591868
35.0 35.0 0.7899999999999996
35.0 35.0 0.7899999999999996
40.0 35.0 0.7456784260783587
45.0 35.0 0.6979944313195503
50.0 35.0 0.6469218291979479
55.0 35.0 0.5924875152889322
60.0 35.0 0.5347697979748514
60.0 35.0 0.5347697979748514
65.0 35.0 0.47390119030807254
70.0 35.0 0.41007716208590583
75.0 35.0 0.3435690792847921
80.0 35.0 0.2747366697933562
85.0 35.0 0.204033339420844
85.0 35.0 0.204033339420844
90.0 35.0 0.13199725530551798
95.0 35.0 0.05922362931220415
100.0 35.0 -0.013679977403963983
105.0 35.0 -0.08614479173557332
110.0 35.0 -0.15768200714824987
110.0 35.0 -0.15768200714824987
115.0 35.0 -0.22790021495688118
120.0 35.0 -0.29649613701049327
125.0 35.0 -0.3632271651555765
130.0 35.0 -0.4278785785834851
135.0 35.0 -0.4902350659453443
135.0 35.0 -0.4902350659453443
140.0 35.0 -0.5500606196694984
145.0 35.0 -0.6070878205965957
150.0 35.0 -0.6610180025380974
155.0 35.0 -0.7115357355788383
160.0 35.0 -0.7583412543457004
160.0 35.0 -0.7583412543457004
165.0 35.0 -0.8012000833456199
170.0 35.0 -0.839999999999999
175.0 35.0 -0.874796337673168
180.0 35.0 -0.9058256763012447
185.0 35.0 -0.9334794838657294
185.0 35.0 -0.9334794838657294
190.0 35.0 -0.958246970430211
195.0 35.0 -0.9806479499407568
200.0 35.0 -1.0011754994664754
205.0 35.0 -1.0202587853545928
210.0 35.0 -1.038246609466903
210.0 35.0 -1.038246609466903
215.0 35.0 -1.0554066338221153
0.0 40.0 1.0489552646415765
5.0 40.0 1.0246451708628044
10.0 40.0 0.9982366549781194
15.0 40.0 0.9695234293043269
15.0 40.0 0.9695234293043269
20.0 40.0 0.9382874515041477
25.0 40.0 0.9043081761932643
30.0 40.0 0.86737576546951
35.0 40.0 0.8273062480314413
40.0 40.0 0.7839549795835714
40.0 40.0 0.7839549795835714
45.0 40.0 0.7372248085918465
50.0 40.0 0.6870678196692641
55.0 40.0 0.6334831196846356
60.0 40.0 0.5765153907898719
65.0 40.0 0.5162584928397527
65.0 40.0 0.5162584928397527
70.0 40.0 0.4528658551934104
75.0 40.0 0.38656615137902506
80.0 40.0 0.3176797453647
85.0 40.0 0.2466291304540309
90.0 40.0 0.17393582082615167
90.0 40.0 0.17393582082615167
95.0 40.0 0.10019826002669596
100.0 40.0 0.02605130058837224
105.0 40.0 -0.04788369965290973
110.0 40.0 -0.12104301118981087
115.0 40.0 -0.19294541185555691
115.0 40.0 -0.19294541185555691
120.0 40.0 -0.2631937503080033
125.0 40.0 -0.3314594420520376
130.0 40.0 -0.39746026802423007
135.0 40.0 -0.4609392463314441
140.0 40.0 -0.5216478104578606
140.0 40.0 -0.5216478104578606
145.0 40.0 -0.5793343809410156
150.0 40.0 -0.6337404471351937
155.0 40.0 -0.6846084467699252
160.0 40.0 -0.7317059507063934
165.0 40.0 -0.7748663372716267
165.0 40.0 -0.7748663372716267
170.0 40.0 -0.8140372394733997
175.0 40.0 -0.8493191546514585
180.0 40.0 -0.8809755154236623
185.0 40.0 -0.9094062380554859
190.0 40.0 -0.9350933469929568
190.0 40.0 -0.9350933469929568
195.0 40.0 -0.9585381081810527
200.0 40.0 -0.9802081535556906
205.0 40.0 -1.0005041674791266
210.0 40.0 -1.0197463922594023
215.0 40.0 -1.0381759096639864
215.0 40.0 -1.0381759096639864
0.0 45.0 1.079126744449428
5.0 45.0 1.0556638383536745
10.0 45.0 1.0301309413764745
15.0 45.0 1.002325671987354
20.0 45.0 0.9720342339632342
20.0 45.0 0.9720342339632342
25.0 45.0 0.9390398391676786
30.0 45.0 0.9031345134426929
35.0 45.0 0.8641323845445286
40.0 45.0 0.8218811891734534
45.0 45.0 0.7762689017228617
45.0 45.0 0.7762689017228617
50.0 45.0 0.727224655214425
55.0 45.0 0.674716361815932
60.0 45.0 0.618749537218656
65.0 45.0 0.5593715679715703
70.0 45.0 0.4966834520190053
70.0 45.0 0.4966834520190053
75.0 45.0 0.43085802480769875
80.0 45.0 0.36216067497531945
85.0 45.0 0.29096604529369907
90.0 45.0 0.21776298666873584
95.0 45.0 0.14314141715987772
95.0 45.0 0.14314141715987772
100.0 45.0 0.06775977287078971
105.0 45.0 -0.007700646946646961
110.0 45.0 -0.08258205544796993
115.0 45.0 -0.15628499858172917
120.0 45.0 -0.22828598715953663
120.0 45.0 -0.22828598715953663
125.0 45.0 -0.298140258213498
130.0 45.0 -0.3654756410525031
135.0 45.0 -0.4299822678074203
140.0 45.0 -0.491400313262796
145.0 45.0 -0.5495073107829651
145.0 45.0 -0.5495073107829651
150.0 45.0 -0.6041082786816567
155.0 45.0 -0.6550340552900744
160.0 45.0 -0.7021532500185521
165.0 45.0 -0.7453990194234503
170.0 45.0 -0.7848037348747057
170.0 45.0 -0.7848037348747057
175.0 45.0 -0.8205266849500368
180.0 45.0 -0.852858887722387
185.0 45.0 -0.8821981022811034
190.0 45.0 -0.9090011394011517
195.0 45.0 -0.9337298285972551
195.0 45.0 -0.9337298285972551
200.0 45.0 -0.9568063302621963
205.0 45.0 -0.9785859302195277
210.0 45.0 -0.9993473877555061
215.0 45.0 -1.0192962293257242
0.0 50.0 1.1084680332789678
0.0 50.0 1.1084680332789678
5.0 50.0 1.0858290509876851
10.0 50.0 1.0611531704330597
15.0 50.0 1.0342450696465093
20.0 50.0 1.0048990922470369
25.0 50.0 0.9729066272913429
25.0 50.0 0.9729066272913429
30.0 50.0 0.938066094757831
35.0 50.0 0.9001937981175732
40.0 50.0 0.8591328961946225
45.0 50.0 0.8147580344227763
50.0 50.0 0.7669751517234267
50.0 50.0 0.7669751517234267
55.0 50.0 0.7157187298536933
60.0 50.0 0.6609506274651813
65.0 50.0 0.6026646253429961
70.0 50.0 0.5408991055019665
75.0 50.0 0.4757576823737881
75.0 50.0 0.4757576823737881
80.0 50.0 0.4074347097981388
85.0 50.0 0.33623982158492205
90.0 50.0 0.26261375257934394
95.0 50.0 0.1871279007981126
100.0 50.0 0.11046356642205168
100.0 50.0 0.11046356642205168
105.0 50.0 0.033373061200071996
110.0 50.0 -0.04336901673653615
115.0 50.0 -0.11901381117305365
120.0 50.0 -0.1928776318118155
125.0 50.0 -0.2643694783889161
125.0 50.0 -0.2643694783889161
130.0 50.0 -0.33300641477614445
135.0 50.0 -0.39841733178938243
140.0 50.0 -0.46033600664402763
145.0 50.0 -0.5185859100836796
150.0 50.0 -0.57306174443514
150.0 50.0 -0.57306174443514
155.0 50.0 -0.6237146877113997
160.0 50.0 -0.6705479083765482
165.0 50.0 -0.7136248649633856
170.0 50.0 -0.7530858380412009
175.0 50.0 -0.7891615475105085
175.0 50.0 -0.7891615475105085
180.0 50.0 -0.8221716366538385
185.0 50.0 -0.852502501492775
190.0 50.0 -0.8805694865006888
195.0 50.0 -0.9067755558303789
200.0 50.0 -0.9314781992322232
200.0 50.0 -0.9314781992322232
205.0 50.0 -0.954970637112448
210.0 50.0 -0.9774771243105682
215.0 50.0 -0.9991584377621787
0.0 55.0 1.1368534638403776
5.0 55.0 1.1150033974691682
5.0 55.0 1.1150033974691682
10.0 55.0 1.0911517690823591
15.0 55.0 1.0651126087567029
20.0 55.0 1.0366911790664624
25.0 55.0 1.0056901731899122
30.0 55.0 0.9719176632479798
30.0 55.0 0.9719176632479798
35.0 55.0 0.935195252335757
40.0 55.0 0.895364219598048
45.0 55.0 0.8522878296716903
50.0 55.0 0.8058496399682227
55.0 55.0 0.755949901275732
55.0 55.0 0.755949901275732
60.0 55.0 0.702503817965676
65.0 55.0 0.6454457213100613
70.0 55.0 0.5847421267326147
75.0 55.0 0.5204146169187862
80.0 55.0 0.4525708391518837
80.0 55.0 0.4525708391518837
85.0 55.0 0.38143884831681385
90.0 55.0 0.30739712116165685
95.0 55.0 0.23099100745609036
100.0 55.0 0.15292761374768316
105.0 55.0 0.07404566590136952
105.0 55.0 0.07404566590136952
110.0 55.0 -0.004736630040690359
115.0 55.0 -0.0824871009690804
120.0 55.0 -0.15832725260222014
125.0 55.0 -0.23149128372051786
130.0 55.0 -0.301368144431144
130.0 55.0 -0.301368144431144
135.0 55.0 -0.3675218739079227
140.0 55.0 -0.4296897634329322
145.0 55.0 -0.4877623532584132
150.0 55.0 -0.5417528575827186
155.0 55.0 -0.5917652546008842
155.0 55.0 -0.5917652546008842
160.0 55.0 -0.6379692138786406
165.0 55.0 -0.6805860632389802
170.0 55.0 -0.719884076366194
175.0 55.0 -0.7561761104239362
180.0 55.0 -0.7898113846458221
180.0 55.0 -0.7898113846458221
185.0 55.0 -0.8211572813204737
190.0 55.0 -0.8505738011201391
195.0 55.0 -0.878387936438525
200.0 55.0 -0.9048750676874397
205.0 55.0 -0.9302507858310589
205.0 55.0 -0.9302507858310589
210.0 55.0 -0.954672410832333
215.0 55.0 -0.9782470541694948
0.0 60.0 1.1641662033439202
5.0 60.0 1.143058179094976
10.0 60.0 1.1199831124895026
10.0 60.0 1.1199831124895026
15.0 60.0 1.0947655793345146
20.0 60.0 1.0672231806747106
25.0 60.0 1.0371715168205091
30.0 60.0 1.0044300856338766
35.0 60.0 0.9688277495990167
35.0 60.0 0.9688277495990167
40.0 60.0 0.930206032038825
45.0 60.0 0.8884189335539676
50.0 60.0 0.8433293358750669
55.0 60.0 0.7948039151055932
60.0 60.0 0.7427100205910191
60.0 60.0 0.7427100205910191
65.0 60.0 0.686918609248415
70.0 60.0 0.6273169423920477
75.0 60.0 0.5638334485842653
80.0 60.0 0.4964748964767005
85.0 60.0 0.4253726637802757
85.0 60.0 0.4253726637802757
90.0 60.0 0.35083063273754167
95.0 60.0 0.27336316929912496
100.0 60.0 0.19370977808602152
105.0 60.0 0.11281547320890217
110.0 60.0 0.031773287514270665
110.0 60.0 0.031773287514270665
115.0 60.0 -0.048264296059836065
120.0 60.0 -0.12618883343108034
125.0 60.0 -0.2010336838839737
130.0 60.0 -0.2720475242115725
135.0 60.0 -0.3387325782744457
135.0 60.0 -0.3387325782744457
140.0 60.0 -0.40084610394099696
145.0 60.0 -0.4583718616586363
150.0 60.0 -0.5114729929831279
155.0 60.0 -0.5604386489085205
160.0 60.0 -0.6056345958347003
160.0 60.0 -0.6056345958347003
165.0 60.0 -0.647463951632339
170.0 60.0 -0.6863393617313334
175.0 60.0 -0.7226638939196117
180.0 60.0 -0.7568163630045011
185.0 60.0 -0.7891382178600941
185.0 60.0 -0.7891382178600941
190.0 60.0 -0.8199220903062865
195.0 60.0 -0.8494041851941136
200.0 60.0 -0.8777625361807713
205.0 60.0 -0.9051213822323425
210.0 60.0 -0.9315600910616881
210.0 60.0 -0.9315600910616881
215.0 60.0 -0.9571242105329509
0.0 65.0 1.1902976002198713
5.0 65.0 1.1698724443308215
10.0 65.0 1.1475102668796742
15.0 65.0 1.1230461452787206
15.0 65.0 1.1230461452787206
20.0 65.0 1.0963099764800428
25.0 65.0 1.067130284338416
30.0 65.0 1.0353382257440422
35.0 65.0 1.0007706030112598
40.0 65.0 0.9632704986308078
40.0 65.0 0.9632704986308078
45.0 65.0 0.9226845837752848
50.0 65.0 0.8788572929201532
55.0 65.0 0.8316236144032725
60.0 65.0 0.7808037273433768
65.0 65.0 0.7262037298034922
65.0 65.0 0.7262037298034922
70.0 65.0 0.6676270779850713
75.0 65.0 0.6049009281334883
80.0 65.0 0.5379199095941798
85.0 65.0 0.4667062732575964
90.0 65.0 0.39147944398895995
90.0 65.0 0.39147944398895995
95.0 65.0 0.31272057978081547
100.0 65.0 0.2312116517017051
105.0 65.0 0.1480282136120632
110.0 65.0 0.0644738759087713
115.0 65.0 -0.018038491718469052
115.0 65.0 -0.018038491718469052
120.0 65.0 -0.09813542922126106
125.0 65.0 -0.17462746134851925
130.0 65.0 -0.24661815736088655
135.0 65.0 -0.3135596847265909
140.0 65.0 -0.37525361300373405
140.0 65.0 -0.37525361300373405
145.0 65.0 -0.43180842685172505
150.0 65.0 -0.4835706873793466
155.0 65.0 -0.5310461162695836
160.0 65.0 -0.5748230299617172
165.0 65.0 -0.615506094185817
165.0 65.0 -0.615506094185817
170.0 65.0 -0.65366459544632
175.0 65.0 -0.6897966302874088
180.0 65.0 -0.7243086932136882
185.0 65.0 -0.757508911480949
190.0 65.0 -0.78961138988798
190.0 65.0 -0.78961138988798
195.0 65.0 -0.8207485881690071
200.0 65.0 -0.8509883564622893
205.0 65.0 -0.8803523693373128
210.0 65.0 -0.9088333138009368
215.0 65.0 -0.9364091461974275
215.0 65.0 -0.9364091461974275
0.0 70.0 1.2151473518588238
5.0 70.0 1.1953333659595178
10.0 70.0 1.1736037764295182
15.0 70.0 1.149802843896187
20.0 70.0 1.1237712657927927
20.0 70.0 1.1237712657927927
25.0 70.0 1.0953489564870318
30.0 70.0 1.064377435602481
35.0 70.0 1.0307007513677129
40.0 70.0 0.9941637848116798
45.0 70.0 0.9546071870763655
45.0 70.0 0.9546071870763655
50.0 70.0 0.911859160962438
55.0 70.0 0.8657256575985826
60.0 70.0 0.8159820538091129
65.0 70.0 0.7623707870528085
70.0 70.0 0.7046105934653586
70.0 70.0 0.7046105934653586
75.0 70.0 0.6424235893180843
80.0 70.0 0.5755856315046151
85.0 70.0 0.5040017966597421
90.0 70.0 0.4278010792080482
95.0 70.0 0.347432761220829
95.0 70.0 0.347432761220829
100.0 70.0 0.2637351110870578
105.0 70.0 0.1779427181135118
110.0 70.0 0.09160949485794734
115.0 70.0 0.006450613495977198
120.0 70.0 -0.07586265436797035
120.0 70.0 -0.07586265436797035
125.0 70.0 -0.15390302766314656
130.0 70.0 -0.22663453865691952
135.0 70.0 -0.2934820610309299
140.0 70.0 -0.3543245824695975
145.0 70.0 -0.40943157881136627
145.0 70.0 -0.40943157881136627
150.0 70.0 -0.45936701489526555
155.0 70.0 -0.5048817168798383
160.0 70.0 -0.5468082456356449
165.0 70.0 -0.5859672985039719
170.0 70.0 -0.6230922196172928
170.0 70.0 -0.6230922196172928
175.0 70.0 -0.6587770140776261
180.0 70.0 -0.6934511929265141
185.0 70.0 -0.7273808500184722
190.0 70.0 -0.7606906471919146
195.0 70.0 -0.793398044066487
195.0 70.0 -0.793398044066487
200.0 70.0 -0.8254506287086245
205.0 70.0 -0.8567595325973916
210.0 70.0 -0.8872251839957956
215.0 70.0 -0.9167545919214959
0.0 75.0 1.238624713258095
0.0 75.0 1.238624713258095
5.0 75.0 1.2193381877519798
10.0 75.0 1.1981446900688955
15.0 75.0 1.174895128504173
20.0 75.0 1.1494381448019277
25.0 75.0 1.1216220566937882
25.0 75.0 1.1216220566937882
30.0 75.0 1.0912959600998355
35.0 75.0 1.0583089917367503
40.0 75.0 1.0225067178407654
45.0 75.0 0.9837239724742296
50.0 75.0 0.9417742917007199
50.0 75.0 0.9417742917007199
55.0 75.0 0.8964373264447875
60.0 75.0 0.8474471641122487
65.0 75.0 0.7944862830439854
70.0 75.0 0.7371918250472463
75.0 75.0 0.6751826067830684
75.0 75.0 0.6751826067830684
80.0 75.0 0.6081156382338
85.0 75.0 0.5357776703205082
90.0 75.0 0.4582077911124678
95.0 75.0 0.3758304439325628
100.0 75.0 0.2895589542680137
100.0 75.0 0.2895589542680137
105.0 75.0 0.2008194843203146
110.0 75.0 0.1114581212060739
115.0 75.0 0.02353259430927257
120.0 75.0 -0.06096226802432869
125.0 75.0 -0.14035850847854592
125.0 75.0 -0.14035850847854592
130.0 75.0 -0.21350067054707433
135.0 75.0 -0.2798221371364138
140.0 75.0 -0.33932087489131946
145.0 75.0 -0.39246616806076906
150.0 75.0 -0.4400706026328547
150.0 75.0 -0.4400706026328547
155.0 75.0 -0.4831523632596575
160.0 75.0 -0.5228022659859772
165.0 75.0 -0.560064117437298
170.0 75.0 -0.595836539423902
175.0 75.0 -0.6308056602040788
175.0 75.0 -0.6308056602040788
180.0 75.0 -0.6654163115126497
185.0 75.0 -0.6998825858218556
190.0 75.0 -0.7342294239007865
195.0 75.0 -0.7683504153618124
200.0 75.0 -0.8020664291618094
200.0 75.0 -0.8020664291618094
205.0 75.0 -0.8351742030668865
210.0 75.0 -0.8674802678941111
215.0 75.0 -0.8988206037446944
0.0 80.0 1.2606505513194495
5.0 80.0 1.241797395821802
5.0 80.0 1.241797395821802
10.0 80.0 1.2210292668068554
15.0 80.0 1.1982001073473934
20.0 80.0 1.1731624503767106
25.0 80.0 1.145768729071638
30.0 80.0 1.1158714301454236
30.0 80.0 1.1158714301454236
35.0 80.0 1.0833211274687935
40.0 80.0 1.0479614016164196
45.0 80.0 1.009619953554152
50.0 80.0 0.9680959473063124
55.0 80.0 0.9231447822957317
55.0 80.0 0.9231447822957317
60.0 80.0 0.8744631081870393
65.0 80.0 0.8216790256968014
70.0 80.0 0.7643551166370216
75.0 80.0 0.702014867112847
80.0 80.0 0.6342047931725412
80.0 80.0 0.6342047931725412
85.0 80.0 0.5606021082328059
90.0 80.0 0.4811667868056677
95.0 80.0 0.396314701248935
100.0 80.0 0.30705992011820626
105.0 80.0 0.21505608008829635
105.0 80.0 0.21505608008829635
110.0 80.0 0.12248158906834217
115.0 80.0 0.03176872618721727
120.0 80.0 -0.054753235982202275
125.0 80.0 -0.13519178209198235
130.0 80.0 -0.20831061693305286
130.0 80.0 -0.20831061693305286
135.0 80.0 -0.27360106303888476
140.0 80.0 -0.3312275746050579
145.0 80.0 -0.3818961828242926
150.0 80.0 -0.4266914383536178
155.0 80.0 -0.46690999289273405
155.0 80.0 -0.46690999289273405
160.0 80.0 -0.5039031604339788
165.0 80.0 -0.5389345088392279
170.0 80.0 -0.5730611453030732
175.0 80.0 -0.6070522788435035
180.0 80.0 -0.6413578394633677
180.0 80.0 -0.6413578394633677
185.0 80.0 -0.6761300144185518
190.0 80.0 -0.7112861245352242
195.0 80.0 -0.7465911661473179
200.0 80.0 -0.781737933934366
205.0 80.0 -0.8164101037897378
205.0 80.0 -0.8164101037897378
210.0 80.0 -0.8503232367674596
215.0 80.0 -0.8832457618500127
0.0 85.0 1.2811597603768479
5.0 85.0 1.2626384066689647
10.0 85.0 1.2421743622833734
10.0 85.0 1.2421743622833734
15.0 85.0 1.2196201294226774
20.0 85.0 1.1948271213092716
25.0 85.0 1.1676465355259906
30.0 85.0 1.1379288646829093
35.0 85.0 1.105521093522106
35.0 85.0 1.105521093522106
40.0 85.0 1.070260580734478
45.0 85.0 1.0319648774882462
50.0 85.0 0.9904174034944998
55.0 85.0 0.945350038815574
60.0 85.0 0.8964253676430249
60.0 85.0 0.8964253676430249
65.0 85.0 0.8432237128883626
70.0 85.0 0.7852434330434463
75.0 85.0 0.7219269912527638
80.0 85.0 0.6527285376219847
85.0 85.0 0.5772373648395759
85.0 85.0 0.5772373648395759
90.0 85.0 0.4953594929462112
95.0 85.0 0.40753175105810224
100.0 85.0 0.31490349299372755
105.0 85.0 0.21939301341915862
110.0 85.0 0.1235427663757962
110.0 85.0 0.1235427663757962
115.0 85.0 0.030173438511447825
120.0 85.0 -0.058065209831495546
125.0 85.0 -0.13909807744950453
130.0 85.0 -0.21166721770069397
135.0 85.0 -0.27538221338984714
135.0 85.0 -0.27538221338984714
140.0 85.0 -0.3306217641252407
145.0 85.0 -0.37835702341996913
150.0 85.0 -0.41995367005598583
155.0 85.0 -0.4569814309056064
160.0 85.0 -0.4910383004036398
160.0 85.0 -0.4910383004036398
165.0 85.0 -0.5235906804481201
170.0 85.0 -0.5558375738836776
175.0 85.0 -0.5886168000001644
180.0 85.0 -0.6223720562191013
185.0 85.0 -0.6571863434440521
185.0 85.0 -0.6571863434440521
190.0 85.0 -0.6928667979771492
195.0 85.0 -0.7290518732581575
200.0 85.0 -0.765311897787698
205.0 85.0 -0.801225013138499
210.0 85.0 -0.836423635663188
210.0 85.0 -0.836423635663188
215.0 85.0 -0.870615583930308
0.0 90.0 1.3001034203692239
5.0 90.0 1.2818089204171665
10.0 90.0 1.2615223585263378
15.0 90.0 1.2390897388996551
15.0 90.0 1.2390897388996551
20.0 90.0 1.2143557054802134
25.0 90.0 1.1871641530127681
30.0 90.0 1.1573573554974077
35.0 90.0 1.1247726587982856
40.0 90.0 1.0892357101485945
40.0 90.0 1.0892357101485945
45.0 90.0 1.0505494202401038
50.0 90.0 1.0084785053834557
55.0 90.0 0.9627306081131183
60.0 90.0 0.9129367451625248
65.0 90.0 0.8586364459043756
65.0 90.0 0.8586364459043756
70.0 90.0 0.7992767721329271
75.0 90.0 0.7342393763852312
80.0 90.0 0.6629143080821642
85.0 90.0 0.584838967639838
90.0 90.0 0.49990756993492724
90.0 90.0 0.49990756993492724
95.0 90.0 0.40862305124115794
100.0 90.0 0.31231322433942643
105.0 90.0 0.2131945592043787
110.0 90.0 0.11418708725316629
115.0 90.0 0.018483861425333092
115.0 90.0 0.018483861425333092
120.0 90.0 -0.07099290805314018
125.0 90.0 -0.1520565541686898
130.0 90.0 -0.2235037901290544
135.0 90.0 -0.28512584136948194
140.0 90.0 -0.33755458664535465
140.0 90.0 -0.33755458664535465
145.0 90.0 -0.3820381902333052
150.0 90.0 -0.4202125823232403
155.0 90.0 -0.4538946281688616
160.0 90.0 -0.4848962655489413
165.0 90.0 -0.5148542223596857
165.0 90.0 -0.5148542223596857
170.0 90.0 -0.5450820718768496
175.0 90.0 -0.5764669064261125
180.0 90.0 -0.6094359260280919
185.0 90.0 -0.6440015615515533
190.0 90.0 -0.6798669768776995
190.0 90.0 -0.6798669768776995
195.0 90.0 -0.7165556639515818
200.0 90.0 -0.7535297201200206
205.0 90.0 -0.7902761041065682
210.0 90.0 -0.8263567222548691
215.0 90.0 -0.8614287395979681
215.0 90.0 -0.8614287395979681
0.0 95.0 1.3174500768674475
5.0 95.0 1.299279110415375
10.0 95.0 1.2790445573180307
15.0 95.0 1.2565806184785422
20.0 95.0 1.2317192698064416
20.0 95.0 1.2317192698064416
25.0 95.0 1.2042907745478328
30.0 95.0 1.1741226544483223
35.0 95.0 1.1410361564696327
40.0 95.0 1.10483916561981
45.0 95.0 1.0653147352470103
45.0 95.0 1.0653147352470103
50.0 95.0 1.0222050844368464
55.0 95.0 0.9751921215418369
60.0 95.0 0.923877397233426
65.0 95.0 0.8677671774988878
70.0 95.0 0.8062725051029586
70.0 95.0 0.8062725051029586
75.0 95.0 0.7387397158808797
80.0 95.0 0.6645322976416582
85.0 95.0 0.5831852507778434
90.0 95.0 0.494638906575407
95.0 95.0 0.39952063651640934
95.0 95.0 0.39952063651640934
100.0 95.0 0.29938321987252414
105.0 95.0 0.1967619619822254
110.0 95.0 0.09493811404543995
115.0 95.0 -0.0025788097208221394
120.0 95.0 -0.0926797438878082
120.0 95.0 -0.0926797438878082
125.0 95.0 -0.17316157564029644
130.0 95.0 -0.2429578795151046
135.0 95.0 -0.3020948957969882
140.0 95.0 -0.35147684829393167
145.0 95.0 -0.3926173589813151
145.0 95.0 -0.3926173589813151
150.0 95.0 -0.4273885243623874
155.0 95.0 -0.45780716432470814
160.0 95.0 -0.48584785953111864
165.0 95.0 -0.5132701897068292
170.0 95.0 -0.5414651019329857
170.0 95.0 -0.5414651019329857
175.0 95.0 -0.5713462854369664
180.0 95.0 -0.6033176338506461
185.0 95.0 -0.6373283920247386
190.0 95.0 -0.6729953451165964
195.0 95.0 -0.7097498725951101
195.0 95.0 -0.7097498725951101
200.0 95.0 -0.7469694133352738
205.0 95.0 -0.7840708281219979
210.0 95.0 -0.8205624338215907
215.0 95.0 -0.8560630753923539
0.0 100.0 1.3331856170932355
0.0 100.0 1.3331856170932355
5.0 100.0 1.3150419539796494
10.0 100.0 1.2947421372629901
15.0 100.0 1.2721033707488685
20.0 100.0 1.246939242639193
25.0 100.0 1.2190603171709915
25.0 100.0 1.2190603171709915
30.0 100.0 1.1882731724400815
35.0 100.0 1.154376904190844
40.0 100.0 1.1171560392011148
45.0 100.0 1.0763690570114854
50.0 100.0 1.0317324675153705
50.0 100.0 1.0317324675153705
55.0 100.0 0.9829017045643217
60.0 100.0 0.9294520658564426
65.0 100.0 0.8708658701498321
70.0 100.0 0.8065363851020158
75.0 100.0 0.7358049282456124
75.0 100.0 0.7358049282456124
80.0 100.0 0.6580531341340383
85.0 100.0 0.5728722988244435
90.0 100.0 0.48031570351640884
95.0 100.0 0.38119695649558705
100.0 100.0 0.2773314290446658
100.0 100.0 0.2773314290446658
105.0 100.0 0.17156804800563052
110.0 100.0 0.0674929010722436
115.0 100.0 -0.031166482253365047
120.0 100.0 -0.12123001975974201
125.0 100.0 -0.2005819224122003
125.0 100.0 -0.2005819224122003
130.0 100.0 -0.26836249908119547
135.0 100.0 -0.32486097351433063
140.0 100.0 -0.3712438685620618
145.0 100.0 -0.409251986325202
150.0 100.0 -0.44093758954164786
150.0 100.0 -0.44093758954164786
155.0 100.0 -0.46845281550781537
160.0 100.0 -0.49386955801711074
165.0 100.0 -0.5190119664317434
170.0 100.0 -0.5453046223937845
175.0 100.0 -0.5736642916243491
175.0 100.0 -0.5736642916243491
180.0 100.0 -0.6044699704372926
185.0 100.0 -0.6376248956150474
190.0 100.0 -0.672688697750289
195.0 100.0 -0.709034326003017
200.0 100.0 -0.7459866158475768
200.0 100.0 -0.7459866158475768
205.0 100.0 -0.7829191841171463
210.0 100.0 -0.8193071252091106
215.0 100.0 -0.8547450714595191
0.0 105.0 1.3473113831703354
5.0 105.0 1.3291112233068927
5.0 105.0 1.3291112233068927
10.0 105.0 1.3086440437060824
15.0 105.0 1.285705318613633
20.0 105.0 1.260085123763663
25.0 105.0 1.2315690342716388
30.0 105.0 1.1999375023770464
30.0 105.0 1.1999375023770464
35.0 105.0 1.1649627065448043
40.0 105.0 1.126401823776587
45.0 105.0 1.0839860060715933
50.0 105.0 1.0374052030691097
55.0 105.0 0.986290428076153
55.0 105.0 0.986290428076153
60.0 105.0 0.9301971887840382
65.0 105.0 0.8685968745323186
70.0 105.0 0.8008873090358308
75.0 105.0 0.7264393267400153
80.0 105.0 0.6447011415394445
80.0 105.0 0.6447011415394445
85.0 105.0 0.5553807034529556
90.0 105.0 0.4587077252204481
95.0 105.0 0.3557312061014666
100.0 105.0 0.24854096071598808
105.0 105.0 0.14025586016062386
105.0 105.0 0.14025586016062386
110.0 105.0 0.034667404712388716
115.0 105.0 -0.06441072003524173
120.0 105.0 -0.15385447210153758
125.0 105.0 -0.23172517724710673
130.0 105.0 -0.2974080909734762
130.0 105.0 -0.2974080909734762
135.0 105.0 -0.35144609378286584
140.0 105.0 -0.39522479017992107
145.0 105.0 -0.4306492934628112
150.0 105.0 -0.4598799501856232
155.0 105.0 -0.48512971096178326
155.0 105.0 -0.48512971096178326
160.0 105.0 -0.5084963832281721
165.0 105.0 -0.5318068294740421
170.0 105.0 -0.5564744955800718
175.0 105.0 -0.5833978966656468
180.0 105.0 -0.6129351309680484
180.0 105.0 -0.6129351309680484
185.0 105.0 -0.6449686170963508
190.0 105.0 -0.6790387375343614
195.0 105.0 -0.7145014282376023
200.0 105.0 -0.7506668980848774
205.0 105.0 -0.7868963863798693
205.0 105.0 -0.7868963863798693
210.0 105.0 -0.8226545841092312
215.0 105.0 -0.8575273779082848
0.0 110.0 1.3598403890658846
5.0 110.0 1.3415169404021898
10.0 110.0 1.3208015384515963
10.0 110.0 1.3208015384515963
15.0 110.0 1.2974639561381318
20.0 110.0 1.2712665710650166
25.0 110.0 1.24196587782623
30.0 110.0 1.2093125796849913
35.0 110.0 1.173049201666175
35.0 110.0 1.173049201666175
40.0 110.0 1.1329041851909105
45.0 110.0 1.088581863607514
50.0 110.0 1.0397487297630095
55.0 110.0 0.9860180353131729
60.0 110.0 0.9269370475696198
60.0 110.0 0.9269370475696198
65.0 110.0 0.8619844284720468
70.0 110.0 0.7905894289198073
75.0 110.0 0.7121895377251304
80.0 110.0 0.6263466104639748
85.0 110.0 0.5329374759738688
85.0 110.0 0.5329374759738688
90.0 110.0 0.4324138101517365
95.0 110.0 0.32607947587370134
100.0 110.0 0.21627071461591751
105.0 110.0 0.10628971075988503
110.0 110.0 4.440892098500626e-16
110.0 110.0 4.440892098500626e-16
115.0 110.0 -0.09884325517558357
120.0 110.0 -0.1872856709587063
125.0 110.0 -0.26362107726173956
130.0 110.0 -0.32747477142398584
135.0 110.0 -0.3795942431938045
135.0 110.0 -0.3795942431938045
140.0 110.0 -0.42151167528646627
145.0 110.0 -0.455216198474782
150.0 110.0 -0.4828965492597024
155.0 110.0 -0.5067510264374312
160.0 110.0 -0.528834786818994
160.0 110.0 -0.528834786818994
165.0 110.0 -0.550920134697645
170.0 110.0 -0.5743696845447857
175.0 110.0 -0.6000472582046165
180.0 110.0 -0.6282984374473151
185.0 110.0 -0.6590137888259152
185.0 110.0 -0.6590137888259152
190.0 110.0 -0.6917555244920228
195.0 110.0 -0.7259065993110883
200.0 110.0 -0.760802697460133
205.0 110.0 -0.7958252527234589
210.0 110.0 -0.8304527260842309
210.0 110.0 -0.8304527260842309
215.0 110.0 -0.864278791608571
0.0 115.0 1.3707917767745323
5.0 115.0 1.3522984434689884
10.0 115.0 1.331279576082538
15.0 115.0 1.307476249615691
15.0 115.0 1.307476249615691
20.0 115.0 1.2806201192475126
25.0 115.0 1.250435956067853
30.0 115.0 1.216642963912861
35.0 115.0 1.1789537316444691
40.0 115.0 1.1370697562691803
40.0 115.0 1.1370697562691803
45.0 115.0 1.0906730475646418
50.0 115.0 1.0394145225838105
55.0 115.0 0.9829017239251605
60.0 115.0 0.920690822965011
65.0 115.0 0.8522909592834521
65.0 115.0 0.8522909592834521
70.0 115.0 0.7771927267563425
75.0 115.0 0.6949363646222263
80.0 115.0 0.6052364301493058
85.0 115.0 0.5081728373429967
90.0 115.0 0.4044349743169855
90.0 115.0 0.4044349743169855
95.0 115.0 0.29556134519413746
100.0 115.0 0.18406425827291528
105.0 115.0 0.07330933365195147
110.0 115.0 -0.032913967824945045
115.0 115.0 -0.13104108168745365
115.0 115.0 -0.13104108168745365
120.0 115.0 -0.21836762275501664
125.0 115.0 -0.29343262529188674
130.0 115.0 -0.3560561714208885
135.0 115.0 -0.4071108239943768
140.0 115.0 -0.4481845037625223
140.0 115.0 -0.4481845037625223
145.0 115.0 -0.48126260673819
150.0 115.0 -0.5084833531279496
155.0 115.0 -0.5319613313548998
160.0 115.0 -0.5536502000354714
165.0 115.0 -0.5752212084053494
165.0 115.0 -0.5752212084053494
170.0 115.0 -0.5979559361504081
175.0 115.0 -0.6226732936605526
180.0 115.0 -0.6497168628363098
185.0 115.0 -0.679013082570909
190.0 115.0 -0.7101841507555908
190.0 115.0 -0.7101841507555908
195.0 115.0 -0.7426811366912471
200.0 115.0 -0.7759033095207692
205.0 115.0 -0.8092840291819252
210.0 115.0 -0.842339777936175
215.0 115.0 -0.8746891896058143
215.0 115.0 -0.8746891896058143
0.0 120.0 1.3801839356867853
5.0 120.0 1.3614955824161368
10.0 120.0 1.340145650904575
15.0 120.0 1.3158446099117218
20.0 120.0 1.288291605288752
20.0 120.0 1.288291605288752
25.0 120.0 1.2571785278525902
30.0 120.0 1.2221932132248727
35.0 120.0 1.1830204756339513
40.0 120.0 1.1393398008968143
45.0 120.0 1.0908192459494424
45.0 120.0 1.0908192459494424
50.0 120.0 1.0371065108558515
55.0 120.0 0.9778201953034659
60.0 120.0 0.9125467781976775
65.0 120.0 0.8408517418731516
70.0 120.0 0.7623162566573367
70.0 120.0 0.7623162566573367
75.0 120.0 0.6766130108431783
80.0 120.0 0.5836335663146378
85.0 120.0 0.48367020106185477
90.0 120.0 0.3776316620741078
95.0 120.0 0.26723344708306396
95.0 120.0 0.26723344708306396
100.0 120.0 0.15506356904677765
105.0 120.0 0.04442023250190097
110.0 120.0 -0.06111368986616572
115.0 120.0 -0.15826297676568957
120.0 120.0 -0.24461285435642421
120.0 120.0 -0.24461285435642421
125.0 120.0 -0.3189243077364208
130.0 120.0 -0.3811422010393254
135.0 120.0 -0.4321716050833515
140.0 120.0 -0.47356155501654795
145.0 120.0 -0.507208668659236
145.0 120.0 -0.507208668659236
150.0 120.0 -0.5351290349168591
155.0 120.0 -0.5592951457571984
160.0 120.0 -0.5815131549761934
165.0 120.0 -0.6033198551876419
170.0 120.0 -0.6258962655596908
170.0 120.0 -0.6258962655596908
175.0 120.0 -0.6500118950742827
180.0 120.0 -0.6760185852108234
185.0 120.0 -0.7039012391454578
190.0 120.0 -0.7333727388630857
195.0 120.0 -0.7639861388904222
195.0 120.0 -0.7639861388904222
200.0 120.0 -0.7952369581243985
205.0 120.0 -0.8266389472394624
210.0 120.0 -0.8577694404062769
215.0 120.0 -0.8882890493779447
0.0 125.0 1.3880269834165224
0.0 125.0 1.3880269834165224
5.0 125.0 1.3691389088460373
10.0 125.0 1.3474571971842146
15.0 125.0 1.3226609120756216
20.0 125.0 1.2944160832725322
25.0 125.0 1.2623818889121958
25.0 125.0 1.2623818889121958
30.0 125.0 1.2262165208796487
35.0 125.0 1.1855811830403167
40.0 125.0 1.1401407818483653
45.0 125.0 1.089560731582838
50.0 125.0 1.0335009782724809
50.0 125.0 1.0335009782724809
55.0 125.0 0.9716106534546353
60.0 125.0 0.9035293583267594
65.0 125.0 0.828903598098634
70.0 125.0 0.7474288781009799
75.0 125.0 0.6589284014057584
75.0 125.0 0.6589284014057584
80.0 125.0 0.5634758903596122
85.0 125.0 0.46155908744278695
90.0 125.0 0.3542585254386368
95.0 125.0 0.24338504190575416
100.0 125.0 0.1314936314428906
100.0 125.0 0.1314936314428906
105.0 125.0 0.021698529172667014
110.0 125.0 -0.08272188471859843
115.0 125.0 -0.17883772837015244
120.0 125.0 -0.26452751575179034
125.0 125.0 -0.3387307408973237
125.0 125.0 -0.3387307408973237
130.0 125.0 -0.4014425142655452
135.0 125.0 -0.453513471983063
140.0 125.0 -0.49636920799457007
145.0 125.0 -0.5317437938080766
150.0 125.0 -0.5614711886058464
150.0 125.0 -0.5614711886058464
155.0 125.0 -0.5873355340415914
160.0 125.0 -0.6109619999761862
165.0 125.0 -0.6337312659885675
170.0 125.0 -0.6567130943213614
175.0 125.0 -0.6806268954911038
175.0 125.0 -0.6806268954911038
180.0 125.0 -0.7058409420846032
185.0 125.0 -0.7324142634849556
190.0 125.0 -0.7601717343826656
195.0 125.0 -0.7887929354330557
200.0 125.0 -0.8178947237471115
200.0 125.0 -0.8178947237471115
205.0 125.0 -0.8470945001986202
210.0 125.0 -0.8760502802686586
215.0 125.0 -0.9044803533108279
0.0 130.0 1.394315536648822
5.0 130.0 1.3752400099794642
5.0 130.0 1.3752400099794642
10.0 130.0 1.3532489644489085
15.0 130.0 1.3279903327913622
20.0 130.0 1.2990974634169388
25.0 130.0 1.266198021412987
30.0 130.0 1.2289233756858287
30.0 130.0 1.2289233756858287
35.0 130.0 1.1869165315570165
40.0 130.0 1.1398366654016898
45.0 130.0 1.0873592975393134
50.0 130.0 1.0291731482675854
55.0 130.0 0.9649773748861172
55.0 130.0 0.9649773748861172
60.0 130.0 0.8944855471864194
65.0 130.0 0.817444769057845
70.0 130.0 0.7336792202603257
75.0 130.0 0.6431661651697196
80.0 130.0 0.546147430918384
80.0 130.0 0.546147430918384
85.0 130.0 0.4432681026222818
90.0 130.0 0.3357153955643759
95.0 130.0 0.22530793901817436
100.0 130.0 0.11447160995762862
105.0 130.0 0.0060521496232457395
105.0 130.0 0.0060521496232457395
110.0 130.0 -0.09703109746144722
115.0 130.0 -0.19220917076764765
120.0 130.0 -0.27763283865160104
125.0 130.0 -0.3523721474193672
130.0 130.0 -0.41640930603917836
130.0 130.0 -0.41640930603917836
135.0 130.0 -0.47047264036234815
140.0 130.0 -0.5157995920456259
145.0 130.0 -0.5539051945034349
150.0 130.0 -0.5863955696469979
155.0 130.0 -0.6148323566095516
155.0 130.0 -0.6148323566095516
160.0 130.0 -0.6406367412366684
165.0 130.0 -0.6650201700366898
170.0 130.0 -0.6889359844453881
175.0 130.0 -0.7130542171832968
180.0 130.0 -0.7377646611271144
180.0 130.0 -0.7377646611271144
185.0 130.0 -0.7632092706939752
190.0 130.0 -0.7893371758240989
195.0 130.0 -0.8159696341771586
200.0 130.0 -0.8428616493156184
205.0 130.0 -0.8697511308637694
205.0 130.0 -0.8697511308637694
210.0 130.0 -0.8963922237080261
215.0 130.0 -0.9225739795934874
0.0 135.0 1.3990228684424015
5.0 135.0 1.3797833425972372
10.0 135.0 1.3575220219639548
10.0 135.0 1.3575220219639548
15.0 135.0 1.3318570106767114
20.0 135.0 1.3023903127658916
25.0 135.0 1.2687200051179808
30.0 135.0 1.2304540007471805
35.0 135.0 1.1872229028659889
35.0 135.0 1.1872229028659889
40.0 135.0 1.1386891846562914
45.0 135.0 1.0845509839971013
50.0 135.0 1.0245412396403473
55.0 135.0 0.9584260555515087
60.0 135.0 0.8860089962424653
60.0 135.0 0.8860089962424653
65.0 135.0 0.8071495689489057
70.0 135.0 0.7218038824870083
75.0 135.0 0.6300928549617018
80.0 135.0 0.5323974132375031
85.0 135.0 0.4294697165198422
85.0 135.0 0.4294697165198422
90.0 135.0 0.32253466677241693
95.0 135.0 0.21334087485579667
100.0 135.0 0.10411457611869024
105.0 135.0 -0.0026138610572032928
110.0 135.0 -0.10429866272074995
110.0 135.0 -0.10429866272074995
115.0 135.0 -0.19871673618796448
120.0 135.0 -0.28425694981526584
125.0 135.0 -0.3600774163383961
130.0 135.0 -0.4261031714523166
135.0 135.0 -0.4828969951435401
135.0 135.0 -0.4828969951435401
140.0 135.0 -0.5314675567614284
145.0 135.0 -0.573074600848096
150.0 135.0 -0.6090663910895522
155.0 135.0 -0.6407596136495692
160.0 135.0 -0.6693568923888298
160.0 135.0 -0.6693568923888298
165.0 135.0 -0.6958928008912936
170.0 135.0 -0.7212016457456846
175.0 135.0 -0.7459043694752824
180.0 135.0 -0.7704140682893892
185.0 135.0 -0.7949586442365222
185.0 135.0 -0.7949586442365222
190.0 135.0 -0.8196162410753347
195.0 135.0 -0.8443567111801131
200.0 135.0 -0.8690820781994355
205.0 135.0 -0.8936607821038535
210.0 135.0 -0.9179532330678707
210.0 135.0 -0.9179532330678707
215.0 135.0 -0.9418286123482188
0.0 140.0 1.4020976378557937
5.0 140.0 1.3827210529246428
10.0 140.0 1.3602362026578845
15.0 140.0 1.3342336839960462
15.0 140.0 1.3342336839960462
20.0 140.0 1.3042863423997444
25.0 140.0 1.269965131693631
30.0 140.0 1.230858006927054
35.0 140.0 1.1865886171453794
40.0 140.0 1.1368308303387984
40.0 140.0 1.1368308303387984
45.0 140.0 1.0813161875990005
50.0 140.0 1.0198343999282684
55.0 140.0 0.9522309286846199
60.0 140.0 0.8784088421960061
65.0 140.0 0.7983432342542335
65.0 140.0 0.7983432342542335
70.0 140.0 0.7121151460264767
75.0 140.0 0.6199682407428593
80.0 140.0 0.5223853372386091
85.0 140.0 0.4201730864543225
90.0 140.0 0.31453236952673946
90.0 140.0 0.31453236952673946
95.0 140.0 0.2070828956382893
100.0 140.0 0.09980973721891695
105.0 140.0 -0.005085626871073279
110.0 140.0 -0.10541588619944786
115.0 140.0 -0.1992699966769329
115.0 140.0 -0.1992699966769329
120.0 140.0 -0.28523643590063297
125.0 140.0 -0.36252823949543367
130.0 140.0 -0.43098804791968337
135.0 140.0 -0.4909933728731153
140.0 140.0 -0.5433068276196797
140.0 140.0 -0.5433068276196797
145.0 140.0 -0.5889168129624728
150.0 140.0 -0.6288995285755035
155.0 140.0 -0.6643155837680016
160.0 140.0 -0.6961417011200661
165.0 140.0 -0.7252316771585545
165.0 140.0 -0.7252316771585545
170.0 140.0 -0.7522990744626983
175.0 140.0 -0.7779147592026512
180.0 140.0 -0.8025139213580068
185.0 140.0 -0.8264089382857539
190.0 140.0 -0.8498058931571058
190.0 140.0 -0.8498058931571058
195.0 140.0 -0.872823351180887
200.0 140.0 -0.8955121061430578
205.0 140.0 -0.9178744409642752
210.0 140.0 -0.9398814658914428
215.0 140.0 -0.9614874758830394
215.0 140.0 -0.9614874758830394
0.0 145.0 1.403464350128326
5.0 145.0 1.383972293165889
10.0 145.0 1.3613078761617672
15.0 145.0 1.335037573975026
20.0 145.0 1.304708200009463
20.0 145.0 1.304708200009463
25.0 145.0 1.2698666414491995
30.0 145.0 1.2300844109053917
35.0 145.0 1.1849829050907459
40.0 145.0 1.1342538051442794
45.0 145.0 1.0776700368601067
45.0 145.0 1.0776700368601067
50.0 145.0 1.0150864959922452
55.0 145.0 0.9464347885252055
60.0 145.0 0.8717199742196493
65.0 145.0 0.791027996486668
70.0 145.0 0.7045501038965625
70.0 145.0 0.7045501038965625
75.0 145.0 0.6126260554911542
80.0 145.0 0.5158020083543576
85.0 145.0 0.41489206554864877
90.0 145.0 0.31102532878460254
95.0 145.0 0.20565535033978755
95.0 145.0 0.20565535033978755
100.0 145.0 0.10051026188042345
105.0 145.0 -0.0025264730619017906
110.0 145.0 -0.10159302127472847
115.0 145.0 -0.1950480943201447
120.0 145.0 -0.28164248745662557
120.0 145.0 -0.28164248745662557
125.0 145.0 -0.36062043312982384
130.0 145.0 -0.4317323268215184
135.0 145.0 -0.4951693812400151
140.0 145.0 -0.5514502176661246
145.0 145.0 -0.6012936018592819
145.0 145.0 -0.6012936018592819
150.0 145.0 -0.6455041452655287
155.0 145.0 -0.6848861275377874
160.0 145.0 -0.7201899968554811
165.0 145.0 -0.7520883411264941
170.0 145.0 -0.7811730180820181
170.0 145.0 -0.7811730180820181
175.0 145.0 -0.8079627022665904
180.0 145.0 -0.8329110404596359
185.0 145.0 -0.8564098580332805
190.0 145.0 -0.8787873902692375
195.0 145.0 -0.9003052842871285
195.0 145.0 -0.9003052842871285
200.0 145.0 -0.9211585144716593
205.0 145.0 -0.9414802439949361
210.0 145.0 -0.9613511245408483
215.0 145.0 -0.9808110344013498
0.0 150.0 1.403028478028518
0.0 150.0 1.403028478028518
5.0 150.0 1.3834283616963408
10.0 150.0 1.3606148306454875
15.0 150.0 1.3341347580018141
20.0 150.0 1.3035132237918499
25.0 150.0 1.2682770195395738
25.0 150.0 1.2682770195395738
30.0 150.0 1.2279850212712011
35.0 150.0 1.1822603792909203
40.0 150.0 1.130817036975619
45.0 150.0 1.0734738770701076
50.0 150.0 1.0101545432644594
50.0 150.0 1.0101545432644594
55.0 150.0 0.9408775233871776
60.0 150.0 0.8657456702462794
65.0 150.0 0.7849446762257477
70.0 150.0 0.6987566079551257
75.0 150.0 0.6075894243743504
75.0 150.0 0.6075894243743504
80.0 150.0 0.5120179951474504
85.0 150.0 0.4128270996902259
90.0 150.0 0.3110426115902285
95.0 150.0 0.20793469289321154
100.0 150.0 0.10497846179477954
100.0 150.0 0.10497846179477954
105.0 150.0 0.0037654297926590363
110.0 150.0 -0.09412688327222019
115.0 150.0 -0.1872834971572621
120.0 150.0 -0.27458452257757004
125.0 150.0 -0.35528974913608347
125.0 150.0 -0.35528974913608347
130.0 150.0 -0.4290583524310526
135.0 150.0 -0.4959071668326245
140.0 150.0 -0.5561269639947499
145.0 150.0 -0.6101825266798214
150.0 150.0 -0.6586198859815767
150.0 150.0 -0.6586198859815767
155.0 150.0 -0.7019968789432324
160.0 150.0 -0.7408445289581395
165.0 150.0 -0.7756580555043859
170.0 150.0 -0.8069083468578939
175.0 150.0 -0.835059452098613
175.0 150.0 -0.835059452098613
180.0 150.0 -0.8605779677542361
185.0 150.0 -0.8839269513912195
190.0 150.0 -0.9055466222639034
195.0 150.0 -0.9258307527582251
200.0 150.0 -0.94510810310096
200.0 150.0 -0.94510810310096
205.0 150.0 -0.9636340512317281
210.0 150.0 -0.9815925474138986
215.0 150.0 -0.9991053808145683
0.0 155.0 1.4006866303902752
5.0 155.0 1.3809644165922128
5.0 155.0 1.3809644165922128
10.0 155.0 1.3580094814486294
15.0 155.0 1.3313547803194905
20.0 155.0 1.3005094064963192
25.0 155.0 1.2649854418764954
30.0 155.0 1.2243338106732586
30.0 155.0 1.2243338106732586
35.0 155.0 1.178183186037678
40.0 155.0 1.1262724002687592
45.0 155.0 1.0684672819718006
50.0 155.0 1.0047586721424029
55.0 155.0 0.9352466757821003
55.0 155.0 0.9352466757821003
60.0 155.0 0.860121830806904
65.0 155.0 0.7796538784201392
70.0 155.0 0.6941943764505495
75.0 155.0 0.6041936358918216
80.0 155.0 0.5102276114308766
80.0 155.0 0.5102276114308766
85.0 155.0 0.4130270058741311
90.0 155.0 0.3134987135554217
95.0 155.0 0.21272877665693612
100.0 155.0 0.11195691785608652
105.0 155.0 0.012516781626401685
105.0 155.0 0.012516781626401685
110.0 155.0 -0.0842556483166007
115.0 155.0 -0.1771315705833686
120.0 155.0 -0.26509326973554814
125.0 155.0 -0.34740714887120416
130.0 155.0 -0.4236493111748708
130.0 155.0 -0.4236493111748708
135.0 155.0 -0.49368203628843954
140.0 155.0 -0.5575933280734174
145.0 155.0 -0.6156193454884024
150.0 155.0 -0.6680703261453179
155.0 155.0 -0.7152765748215582
155.0 155.0 -0.7152765748215582
160.0 155.0 -0.7575640716643278
165.0 155.0 -0.7952600076181459
170.0 155.0 -0.8287181978955638
175.0 155.0 -0.8583463926758318
180.0 155.0 -0.8846171578693706
180.0 155.0 -0.8846171578693706
185.0 155.0 -0.9080532280499223
190.0 155.0 -0.929191967488019
195.0 155.0 -0.9485429500372559
200.0 155.0 -0.966552888467669
205.0 155.0 -0.9835857019183023
205.0 155.0 -0.9835857019183023
210.0 155.0 -0.9999181353926471
215.0 155.0 -1.0157468358553365
0.0 160.0 1.3963412103996558
5.0 160.0 1.3764573571318863
10.0 160.0 1.353340281593054
10.0 160.0 1.353340281593054
15.0 160.0 1.3265157696548349
20.0 160.0 1.295484270234068
25.0 160.0 1.2597503901654632
30.0 160.0 1.218863302401381
35.0 160.0 1.1724613751839204
35.0 160.0 1.1724613751839204
40.0 160.0 1.1203095720465852
45.0 160.0 1.0623182695435487
50.0 160.0 0.9985389972462695
55.0 160.0 0.9291426657043598
60.0 160.0 0.8543925096651187
60.0 160.0 0.8543925096651187
65.0 160.0 0.7746236670552669
70.0 160.0 0.6902359399527964
75.0 160.0 0.6017000646764505
80.0 160.0 0.509573500521203
85.0 160.0 0.4145197150484643
85.0 160.0 0.4145197150484643
90.0 160.0 0.3173243078944863
95.0 160.0 0.21890105952975003
100.0 160.0 0.12028076988503511
105.0 160.0 0.02257657579642891
110.0 160.0 -0.07307646872647344
110.0 160.0 -0.07307646872647344
115.0 160.0 -0.1656012391670455
120.0 160.0 -0.25406154043852114
125.0 160.0 -0.3377270502385097
130.0 160.0 -0.41610340149952807
135.0 160.0 -0.48892222354754833
135.0 160.0 -0.48892222354754833
140.0 160.0 -0.5560984891611624
145.0 160.0 -0.617670842663424
150.0 160.0 -0.6737433372711453
155.0 160.0 -0.7244451240950341
160.0 160.0 -0.7699189350814087
160.0 160.0 -0.7699189350814087
165.0 160.0 -0.8103397173984245
170.0 160.0 -0.8459525878122381
175.0 160.0 -0.8771090562793756
180.0 160.0 -0.9042794630097183
185.0 160.0 -0.9280310231942513
185.0 160.0 -0.9280310231942513
190.0 160.0 -0.9489783567507001
195.0 160.0 -0.9677251315671488
200.0 160.0 -0.9848152431578747
205.0 160.0 -1.0007033680938575
210.0 160.0 -1.0157453280878932
210.0 160.0 -1.0157453280878932
215.0 160.0 -1.0302031656529527
0.0 165.0 1.389917745047091
5.0 165.0 1.3698077513867764
10.0 165.0 1.3464789691647654
15.0 165.0 1.3194575481241437
15.0 165.0 1.3194575481241437
20.0 165.0 1.28824406711411
25.0 165.0 1.2523447810178607
30.0 165.0 1.211315098495447
35.0 165.0 1.1648080947137522
40.0 165.0 1.1126152240869849
40.0 165.0 1.1126152240869849
45.0 165.0 1.054686170800975
50.0 165.0 0.9911223813837078
55.0 165.0 0.9221502105284836
60.0 165.0 0.8480870614475202
65.0 165.0 0.7693133854945966
65.0 165.0 0.7693133854945966
70.0 165.0 0.6862574041218282
75.0 165.0 0.5993929609822858
80.0 165.0 0.509247059921302
85.0 165.0 0.4164125651294679
90.0 165.0 0.3215618334320556
90.0 165.0 0.3215618334320556
95.0 165.0 0.22545703760428082
100.0 165.0 0.12895166047538598
105.0 165.0 0.03297601261633343
110.0 165.0 -0.06149919817414207
115.0 165.0 -0.15352043141590244
115.0 165.0 -0.15352043141590244
120.0 165.0 -0.24221871053442456
125.0 165.0 -0.3268682648767224
130.0 165.0 -0.4069194585812852
135.0 165.0 -0.4819985996349595
140.0 165.0 -0.5518788324837447
140.0 165.0 -0.5518788324837447
145.0 165.0 -0.6164348728829748
150.0 165.0 -0.6755981659343222
155.0 165.0 -0.7293285317843806
160.0 165.0 -0.7776136693453707
165.0 165.0 -0.8204984476822189
165.0 165.0 -0.8204984476822189
170.0 165.0 -0.8581326149447699
175.0 165.0 -0.8908137675424325
180.0 165.0 -0.9190009252263335
185.0 165.0 -0.9432871116281761
190.0 165.0 -0.9643395580489229
190.0 165.0 -0.9643395580489229
195.0 165.0 -0.9828295755724484
200.0 165.0 -0.9993735229716687
205.0 165.0 -1.0144961082563366
210.0 165.0 -1.0286164405098397
215.0 165.0 -1.0420510507348117
215.0 165.0 -1.0420510507348117
0.0 170.0 1.3813818483904603
5.0 170.0 1.36096186105887
10.0 170.0 1.337348661677113
15.0 170.0 1.3100766345405508
20.0 170.0 1.2786561238865461
20.0 170.0 1.2786561238865461
25.0 170.0 1.2426054497617458
30.0 170.0 1.2014955743628564
35.0 170.0 1.1550000000000007
40.0 170.0 1.1029364913410973
45.0 170.0 1.0452868389575045
45.0 170.0 1.0452868389575045
50.0 170.0 0.9821887475024413
55.0 170.0 0.9139058114322344
60.0 170.0 0.8407893058260879
65.0 170.0 0.763244983828473
70.0 170.0 0.6817119556953155
70.0 170.0 0.6817119556953155
75.0 170.0 0.5966543639993083
80.0 170.0 0.5085631083560194
85.0 170.0 0.41796433847949155
90.0 170.0 0.3254321501232138
95.0 170.0 0.23160286873872904
95.0 170.0 0.23160286873872904
100.0 170.0 0.13718624640043808
105.0 170.0 0.042965756528581034
110.0 170.0 -0.05022039553006885
115.0 170.0 -0.14152025725892758
120.0 170.0 -0.23012321173970418
120.0 170.0 -0.23012321173970418
125.0 170.0 -0.3153127311827252
130.0 170.0 -0.3965002787107216
135.0 170.0 -0.47323184996260415
140.0 170.0 -0.5451693192995963
145.0 170.0 -0.6120571245877727
145.0 170.0 -0.6120571245877727
150.0 170.0 -0.673689103841659
155.0 170.0 -0.7298905650488126
160.0 170.0 -0.7805266902846703
165.0 170.0 -0.8255392402365642
170.0 170.0 -0.865
170.0 170.0 -0.865
175.0 170.0 -0.8991571288957276
180.0 170.0 -0.9284489395396093
185.0 170.0 -0.9534733236593165
190.0 170.0 -0.9749223270560283
195.0 170.0 -0.9935054560957662
195.0 170.0 -0.9935054560957662
200.0 170.0 -1.0098845207555898
205.0 170.0 -1.0246320003089968
210.0 170.0 -1.038213519152638
215.0 170.0 -1.0509885139157902
0.0 175.0 1.3707521997448777
0.0 175.0 1.3707521997448777
5.0 175.0 1.3499287803945828
10.0 175.0 1.325946100115077
15.0 175.0 1.2983544337558617
20.0 175.0 1.266683474715523
25.0 175.0 1.2304741223978686
25.0 175.0 1.2304741223978686
30.0 175.0 1.1893223326855116
35.0 175.0 1.1429276847618226
40.0 175.0 1.0911336170695107
45.0 175.0 1.033945990875746
50.0 175.0 0.971524188139482
50.0 175.0 0.971524188139482
55.0 175.0 0.9041503144587375
60.0 175.0 0.8321895812918243
65.0 175.0 0.7560546070517198
70.0 175.0 0.6761807372855707
75.0 175.0 0.5930135955725603
75.0 175.0 0.5930135955725603
80.0 175.0 0.5070069495964181
85.0 175.0 0.41862861816090424
90.0 175.0 0.32837285957821183
95.0 175.0 0.23677742138568703
100.0 175.0 0.14444095246444788
100.0 175.0 0.14444095246444788
105.0 175.0 0.05203274585032558
110.0 175.0 -0.039714524762229364
115.0 175.0 -0.1300335553657015
120.0 175.0 -0.21816710982881282
125.0 175.0 -0.3034144910467621
125.0 175.0 -0.3034144910467621
130.0 175.0 -0.38516454255319355
135.0 175.0 -0.4629065330537724
140.0 175.0 -0.5362197586342794
145.0 175.0 -0.6047505027765071
150.0 175.0 -0.6681893017693286
150.0 175.0 -0.6681893017693286
155.0 175.0 -0.7262620893972563
160.0 175.0 -0.7787452887852152
165.0 175.0 -0.8255063433372191
170.0 175.0 -0.8665583539883108
175.0 175.0 -0.9021059207590535
175.0 175.0 -0.9021059207590535
180.0 175.0 -0.9325579286813216
185.0 175.0 -0.9584962412870083
190.0 175.0 -0.9806096848710619
195.0 175.0 -0.9996162973166073
200.0 175.0 -1.0161962435714236
200.0 175.0 -1.0161962435714236
205.0 175.0 -1.0309475054036672
210.0 175.0 -1.0443654034482486
215.0 175.0 -1.0568405265242498
0.0 180.0 1.3581064938024465
5.0 180.0 1.3367883632760018
5.0 180.0 1.3367883632760018
10.0 180.0 1.3123520277629876
15.0 180.0 1.2843705206895344
20.0 180.0 1.252401379567444
25.0 180.0 1.216017251386569
30.0 180.0 1.1748471088788088
30.0 180.0 1.1748471088788088
35.0 180.0 1.1286210972043766
40.0 180.0 1.0772071500322153
45.0 180.0 1.020627472405022
50.0 180.0 0.9590497169741621
55.0 180.0 0.8927576733617246
55.0 180.0 0.8927576733617246
60.0 180.0 0.8221130248925997
65.0 180.0 0.7475197423376272
70.0 180.0 0.6693979976661675
75.0 180.0 0.5881693874618366
80.0 180.0 0.5042524424843424
80.0 180.0 0.5042524424843424
85.0 180.0 0.41806695150122675
90.0 180.0 0.330046049209338
95.0 180.0 0.24065447466760648
100.0 180.0 0.1504088546168748
105.0 180.0 0.059892282618866366
105.0 180.0 0.059892282618866366
110.0 180.0 -0.030245854739565092
115.0 180.0 -0.11930969528205038
120.0 180.0 -0.20659248575857414
125.0 180.0 -0.2914162400320728
130.0 180.0 -0.37316227243948463
130.0 180.0 -0.37316227243948463
135.0 180.0 -0.45128457800298905
140.0 180.0 -0.5253060419765256
145.0 180.0 -0.5948043815735727
150.0 180.0 -0.6593987451868394
155.0 180.0 -0.7187485856293837
155.0 180.0 -0.7187485856293837
160.0 180.0 -0.7725732483456803
165.0 180.0 -0.8206929511096918
170.0 180.0 -0.8630804928611476
175.0 180.0 -0.8999031402407137
180.0 180.0 -0.9315333607319068
180.0 180.0 -0.9315333607319068
185.0 180.0 -0.9585188731617803
190.0 180.0 -0.9815204273837211
195.0 180.0 -1.0012378564592312
200.0 180.0 -1.0183448528608052
205.0 180.0 -1.033444108876446
205.0 180.0 -1.033444108876446
210.0 180.0 -1.0470445652845348
215.0 180.0 -1.0595563668647754
0.0 185.0 1.3435790636788798
5.0 185.0 1.3216880866884502
10.0 185.0 1.2967271144309849
10.0 185.0 1.2967271144309849
15.0 185.0 1.268297509415778
20.0 185.0 1.2359911805235186
25.0 185.0 1.1994191626876252
30.0 185.0 1.1582488242368425
35.0 185.0 1.112243353441381
35.0 185.0 1.112243353441381
40.0 185.0 1.0612933937763755
45.0 185.0 1.0054309532860155
50.0 185.0 0.9448213229479051
55.0 185.0 0.8797368898423907
60.0 185.0 0.8105223837827465
60.0 185.0 0.8105223837827465
65.0 185.0 0.7375614762013407
70.0 185.0 0.661251136987303
75.0 185.0 0.5819860431113872
80.0 185.0 0.5001528495028529
85.0 185.0 0.41613347098911746
85.0 185.0 0.41613347098911746
90.0 185.0 0.3303165241931334
95.0 185.0 0.24311527452073434
100.0 185.0 0.15498807702059614
105.0 185.0 0.06645431787211609
110.0 185.0 -0.021902087197656628
110.0 185.0 -0.021902087197656628
115.0 185.0 -0.10944609173186204
120.0 185.0 -0.19551913337607996
125.0 185.0 -0.27947182284497296
130.0 185.0 -0.360690989142869
135.0 185.0 -0.4386141741130176
135.0 185.0 -0.4386141741130176
140.0 185.0 -0.5127310609288761
145.0 185.0 -0.5825771308980544
150.0 185.0 -0.6477283531451957
155.0 185.0 -0.707806290489061
160.0 185.0 -0.7625001264674526
160.0 185.0 -0.7625001264674526
165.0 185.0 -0.8116053940973645
170.0 185.0 -0.8550698259593787
175.0 185.0 -0.8930290309514003
180.0 185.0 -0.9258145659469216
185.0 185.0 -0.9539267774518199
185.0 185.0 -0.9539267774518199
190.0 185.0 -0.9779793641346209
195.0 185.0 -0.9986327026613887
200.0 185.0 -1.016533424255703
205.0 185.0 -1.0322708995916865
210.0 185.0 -1.046353064732986
210.0 185.0 -1.046353064732986
215.0 185.0 -1.0591984940798942
0.0 190.0 1.327351122868627
5.0 190.0 1.3048302694810663
10.0 190.0 1.2792954942158068
15.0 190.0 1.2503804036913257
15.0 190.0 1.2503804036913257
20.0 190.0 1.217715344157767
25.0 190.0 1.1809533022663756
30.0 190.0 1.1398023074105978
35.0 190.0 1.0940588150078727
40.0 190.0 1.0436338761038062
40.0 190.0 1.0436338761038062
45.0 190.0 0.9885643852345769
50.0 190.0 0.9290061153198164
55.0 190.0 0.8652114965402444
60.0 190.0 0.7974995800248168
65.0 190.0 0.7262262738527077
65.0 190.0 0.7262262738527077
70.0 190.0 0.6517605569238372
75.0 190.0 0.5744692669692976
80.0 190.0 0.49471093431673063
85.0 190.0 0.41283826558287684
90.0 190.0 0.3292084820905623
90.0 190.0 0.3292084820905623
95.0 190.0 0.2441997444418118
100.0 190.0 0.1582298937693951
105.0 190.0 0.07177151835737638
110.0 190.0 -0.01464313850983745
115.0 190.0 -0.1004310777992432
115.0 190.0 -0.1004310777992432
120.0 190.0 -0.18497944337951866
125.0 190.0 -0.2676716487624625
130.0 190.0 -0.3479105360773399
135.0 190.0 -0.42513300986342895
140.0 190.0 -0.4988154021864857
140.0 190.0 -0.4988154021864857
145.0 190.0 -0.5684734296096451
150.0 190.0 -0.6336634625968421
155.0 190.0 -0.6939922153100765
160.0 190.0 -0.7491394263714032
165.0 190.0 -0.7988925682808938
165.0 190.0 -0.7988925682808938
170.0 190.0 -0.8431853828092795
175.0 190.0 -0.8821265012036372
180.0 190.0 -0.9160047777497696
185.0 190.0 -0.9452656304329158
190.0 190.0 -0.9704637751537392
190.0 190.0 -0.9704637751537392
195.0 190.0 -0.9922056431213934
200.0 190.0 -1.0110956179178865
205.0 190.0 -1.027695392171327
210.0 190.0 -1.042499361788804
215.0 190.0 -1.055924273036105
215.0 190.0 -1.055924273036105
0.0 195.0 1.3096363331630365
5.0 195.0 1.2864535556813903
10.0 195.0 1.2603214227009492
15.0 195.0 1.2309079099451652
20.0 195.0 1.1978833780319178
20.0 195.0 1.1978833780319178
25.0 195.0 1.1609433965658273
30.0 195.0 1.1198361149671223
35.0 195.0 1.074389580776194
40.0 195.0 1.024532668212578
45.0 195.0 0.9703038829151815
45.0 195.0 0.9703038829151815
50.0 195.0 0.9118456330961205
55.0 195.0 0.8493861257609677
60.0 195.0 0.7832144476664442
65.0 195.0 0.7136551616433122
70.0 195.0 0.641047285634188
70.0 195.0 0.641047285634188
75.0 195.0 0.5657303028833056
80.0 195.0 0.48803810065020337
85.0 195.0 0.4083007498865401
90.0 195.0 0.32685335842344143
95.0 195.0 0.2440502028993654
95.0 195.0 0.2440502028993654
100.0 195.0 0.1602807523448122
105.0 195.0 0.07598268167640165
110.0 195.0 -0.00835314918557628
115.0 195.0 -0.09218855371318957
120.0 195.0 -0.17495354925285433
120.0 195.0 -0.17495354925285433
125.0 195.0 -0.25606679043050906
130.0 195.0 -0.3349549648543818
135.0 195.0 -0.4110669337557695
140.0 195.0 -0.4838818322362578
145.0 195.0 -0.552913783452018
145.0 195.0 -0.552913783452018
150.0 195.0 -0.61771805227885
155.0 195.0 -0.6779036551345529
160.0 195.0 -0.7331553069538658
165.0 195.0 -0.7832632743274396
170.0 195.0 -0.8281544306275884
170.0 195.0 -0.8281544306275884
175.0 195.0 -0.8679141163278942
180.0 195.0 -0.9027890671652071
185.0 195.0 -0.9331673751048352
190.0 195.0 -0.9595394686308413
195.0 195.0 -0.9824499932863701
195.0 195.0 -0.9824499932863701
200.0 195.0 -1.0024515099688407
205.0 195.0 -1.0200677702813041
210.0 195.0 -1.0357696691631029
215.0 195.0 -1.049963187084531
0.0 200.0 1.2906650174952359
0.0 200.0 1.2906650174952359
5.0 200.0 1.2668132649469006
10.0 200.0 1.2400852726833758
15.0 200.0 1.2101838270270422
20.0 200.0 1.1768187493417654
25.0 200.0 1.1397265174130127
25.0 200.0 1.1397265174130127
30.0 200.0 1.098692828447625
35.0 200.0 1.053574415273794
40.0 200.0 1.004315384876317
45.0 200.0 0.9509539644765481
50.0 200.0 0.8936179610774919
50.0 200.0 0.8936179610774919
55.0 200.0 0.83251047206963
60.0 200.0 0.7678898799781186
65.0 200.0 0.7000489345715711
70.0 200.0 0.629296914480056
75.0 200.0 0.5559473501973196
75.0 200.0 0.5559473501973196
80.0 200.0 0.48031239978099705
85.0 200.0 0.40270397583100825
90.0 200.0 0.32344091060895486
95.0 200.0 0.24286046631799052
100.0 200.0 0.1613312894862261
100.0 200.0 0.1613312894862261
105.0 200.0 0.07926394529699887
110.0 200.0 -0.002884728566625361
115.0 200.0 -0.08461553114559983
120.0 200.0 -0.16539837314241934
125.0 200.0 -0.2446881100742675
125.0 200.0 -0.2446881100742675
130.0 200.0 -0.3219406225195315
135.0 200.0 -0.3966260974429645
140.0 200.0 -0.46823878803076746
145.0 200.0 -0.5363049526507561
150.0 200.0 -0.600392207163035
150.0 200.0 -0.600392207163035
155.0 200.0 -0.6601235586550428
160.0 200.0 -0.7151976842574614
165.0 200.0 -0.7654138329295892
170.0 200.0 -0.8106960907461269
175.0 200.0 -0.8511094482583552
175.0 200.0 -0.8511094482583552
180.0 200.0 -0.8868608630592394
185.0 200.0 -0.9182825971468719
190.0 200.0 -0.945800696957334
195.0 200.0 -0.9698957191335776
200.0 200.0 -0.9910638446524533
200.0 200.0 -0.9910638446524533
205.0 200.0 -1.0097846079704673
210.0 200.0 -1.0264982391899307
215.0 200.0 -1.0415927167825618
0.0 205.0 1.2706698131156902
5.0 205.0 1.246164240254403
5.0 205.0 1.246164240254403
10.0 205.0 1.218863440241601
15.0 205.0 1.1885040635470467
20.0 205.0 1.154833277662499
25.0 205.0 1.1176252934968836
30.0 205.0 1.076699628395196
30.0 205.0 1.076699628395196
35.0 205.0 1.031938240010239
40.0 205.0 0.9832980909452211
45.0 205.0 0.9308162658268468
50.0 205.0 0.8746064866940206
55.0 205.0 0.8148481116140356
55.0 205.0 0.8148481116140356
60.0 205.0 0.7517704905406282
65.0 205.0 0.6856362414413919
70.0 205.0 0.6167266119630632
75.0 205.0 0.5453310993609479
80.0 205.0 0.47174243287193485
80.0 205.0 0.47174243287193485
85.0 205.0 0.3962571111016602
90.0 205.0 0.31918087099656844
95.0 205.0 0.24083759925636883
100.0 205.0 0.1615793091134864
105.0 205.0 0.08179422233202394
105.0 205.0 0.08179422233202394
110.0 205.0 0.0019101990823009452
115.0 205.0 -0.07760801498701686
120.0 205.0 -0.15626735929842028
125.0 205.0 -0.23355878116942763
130.0 205.0 -0.3089705757977418
130.0 205.0 -0.3089705757977418
135.0 205.0 -0.38200062820515457
140.0 205.0 -0.4521669374609061
145.0 205.0 -0.5190174138771946
150.0 205.0 -0.5821409460651104
155.0 205.0 -0.641181665776507
155.0 205.0 -0.641181665776507
160.0 205.0 -0.6958570473762895
165.0 205.0 -0.7459782394074433
170.0 205.0 -0.7914686365707228
175.0 205.0 -0.8323753565883024
180.0 205.0 -0.8688690088848896
180.0 205.0 -0.8688690088848896
185.0 205.0 -0.901229995379004
190.0 205.0 -0.929823380330062
195.0 205.0 -0.955067328933771
200.0 205.0 -0.9774010404454792
205.0 205.0 -0.9972570183089232
205.0 205.0 -0.9972570183089232
210.0 205.0 -1.0150403764106604
215.0 205.0 -1.0311157550083658
0.0 210.0 1.2498744245034588
5.0 210.0 1.2247480900026737
10.0 210.0 1.19691420988649
10.0 210.0 1.19691420988649
15.0 210.0 1.1661413540971153
20.0 210.0 1.1322109631015973
25.0 210.0 1.0949310497826539
30.0 210.0 1.0541507989941077
35.0 210.0 1.0097738927423647
35.0 210.0 1.0097738927423647
40.0 210.0 0.961768105359859
45.0 210.0 0.9101691894948063
50.0 210.0 0.8550782859521241
55.0 210.0 0.7966536243868865
60.0 210.0 0.7350985449963142
60.0 210.0 0.7350985449963142
65.0 210.0 0.6706484432427664
70.0 210.0 0.6035590778811211
75.0 210.0 0.5340980446533692
80.0 210.0 0.4625404188526798
85.0 210.0 0.38916879095519996
85.0 210.0 0.38916879095519996
90.0 210.0 0.3142771827727566
95.0 210.0 0.23817760996154214
100.0 210.0 0.16120741563507557
105.0 210.0 0.08373515528562492
110.0 210.0 0.006163031068318725
110.0 210.0 0.006163031068318725
115.0 210.0 -0.07107525461376607
120.0 210.0 -0.14752108613855464
125.0 210.0 -0.22270068907650253
130.0 210.0 -0.29613629153883714
135.0 210.0 -0.36735726414837944
135.0 210.0 -0.36735726414837944
140.0 210.0 -0.4359107230005358
145.0 210.0 -0.5013720881788616
150.0 210.0 -0.5633567004893062
155.0 210.0 -0.621533477616839
160.0 210.0 -0.6756406578633937
160.0 210.0 -0.6756406578633937
165.0 210.0 -0.725502174873168
170.0 210.0 -0.771041706842141
175.0 210.0 -0.8122907155142407
180.0 210.0 -0.8493874188466491
185.0 210.0 -0.8825656023150256
185.0 210.0 -0.8825656023150256
190.0 210.0 -0.9121347152988507
195.0 210.0 -0.9384547354991216
200.0 210.0 -0.9619100483052089
205.0 210.0 -0.9828860202366986
210.0 210.0 -1.0017505707889964
210.0 210.0 -1.0017505707889964
215.0 210.0 -1.018841544369315
0.0 215.0 1.2284859829292207
5.0 215.0 1.202785135697199
10.0 215.0 1.1744695407126664
15.0 215.0 1.1433371350660289
15.0 215.0 1.1433371350660289
20.0 215.0 1.10920011500092
25.0 215.0 1.0718961703741496
30.0 215.0 1.0313000714510245
35.0 215.0 0.9873339918114317
40.0 215.0 0.9399748356175709
40.0 215.0 0.9399748356175709
45.0 215.0 0.8892572229027901
50.0 215.0 0.8352716334813208
55.0 215.0 0.7781582563696782
60.0 215.0 0.7180979748153884
65.0 215.0 0.6553023671106594
65.0 215.0 0.6553023671106594
70.0 215.0 0.5900045624687824
75.0 215.0 0.522452385478366
80.0 215.0 0.4529046375681678
85.0 215.0 0.38163073400965464
90.0 215.0 0.30891329719157623
90.0 215.0 0.30891329719157623
95.0 215.0 0.2350527314090376
100.0 215.0 0.16037234485470442
105.0 215.0 0.08522237966816204
110.0 215.0 0.00998150069902981
115.0 215.0 -0.06494510109340113
115.0 215.0 -0.06494510109340113
120.0 215.0 -0.13913099265092344
125.0 215.0 -0.2121364213971677
130.0 215.0 -0.2835177734330553
135.0 215.0 -0.35283761749059617
140.0 215.0 -0.41967490759938086
140.0 215.0 -0.41967490759938086
145.0 215.0 -0.4836355084438181
150.0 215.0 -0.5443635442490816
155.0 215.0 -0.6015539350767086
160.0 215.0 -0.6549658368781666
165.0 215.0 -0.7044357308440089
165.0 215.0 -0.7044357308440089
170.0 215.0 -0.7498880068543651
175.0 215.0 -0.7913405310062941
180.0 215.0 -0.8289032045652758
185.0 215.0 -0.8627688600214364
190.0 215.0 -0.8931975302156318
190.0 215.0 -0.8931975302156318
195.0 215.0 -0.9204965125815935
200.0 215.0 -0.9449992493991117
205.0 215.0 -0.9670457755670295
210.0 215.0 -0.9869666270609295
215.0 215.0 -1.0050710704069796
215.0 215.0 -1.0050710704069796
