0.0 0.0 0.10487031828053694
0.0 0.0 0.10487031828053694
5.0 0.0 0.11006153186032042
10.0 0.0 0.11495273719974275
15.0 0.0 0.11951921685224398
20.0 0.0 0.12373750805727646
25.0 0.0 0.12758606803935468
25.0 0.0 0.12758606803935468
30.0 0.0 0.1310458487863022
35.0 0.0 0.13410071048082495
40.0 0.0 0.13673762267448653
45.0 0.0 0.13894663544057007
50.0 0.0 0.1407206408387658
50.0 0.0 0.1407206408387658
55.0 0.0 0.14205497771789466
60.0 0.0 0.14294695191237428
65.0 0.0 0.14339534609583793
70.0 0.0 0.14339998127004205
75.0 0.0 0.14296137092806693
75.0 0.0 0.14296137092806693
80.0 0.0 0.14208048585944022
85.0 0.0 0.14075862739685213
90.0 0.0 0.13899739233823433
95.0 0.0 0.1367987044322193
100.0 0.0 0.1341648844982014
100.0 0.0 0.1341648844982014
105.0 0.0 0.13109873273463857
110.0 0.0 0.12760360129894133
115.0 0.0 0.12368344177749435
120.0 0.0 0.11934281990158646
125.0 0.0 0.1145868981583047
125.0 0.0 0.1145868981583047
130.0 0.0 0.10942139518553451
135.0 0.0 0.10385253833111696
140.0 0.0 0.09788703161215695
145.0 0.0 0.09153206440314843
150.0 0.0 0.08479538519364549
150.0 0.0 0.08479538519364549
155.0 0.0 0.07768545842014762
160.0 0.0 0.07021170996677756
165.0 0.0 0.06238484897502944
170.0 0.0 0.054217232594444165
175.0 0.0 0.04572322091795933
175.0 0.0 0.04572322091795933
180.0 0.0 0.03691945764055726
185.0 0.0 0.027825013403180665
190.0 0.0 0.018461345555706332
195.0 0.0 0.008852057365032362
200.0 0.0 -0.00097752602097545
200.0 0.0 -0.00097752602097545
205.0 0.0 -0.011000917730665472
210.0 0.0 -0.02119110056547535
215.0 0.0 -0.03152116198428445
0.0 5.0 0.10452461209762254
5.0 5.0 0.10982496172465894
5.0 5.0 0.10982496172465894
10.0 5.0 0.11482453884812804
15.0 5.0 0.1194973161382542
20.0 5.0 0.1238185204139709
25.0 5.0 0.12776536860357712
30.0 5.0 0.13131770678443366
30.0 5.0 0.13131770678443366
35.0 5.0 0.1344584690813846
40.0 5.0 0.13717389613863284
45.0 5.0 0.1394534922951074
50.0 5.0 0.14128974622412682
55.0 5.0 0.14267767866147335
55.0 5.0 0.14267767866147335
60.0 5.0 0.1436143026982329
65.0 5.0 0.144098083334599
70.0 5.0 0.1441284669108034
75.0 5.0 0.14370552519089214
80.0 5.0 0.1428297313200565
80.0 5.0 0.1428297313200565
85.0 5.0 0.14150186150211935
90.0 5.0 0.13972299992786952
95.0 5.0 0.13749461559882786
100.0 5.0 0.13481867716064527
105.0 5.0 0.13169777412355244
105.0 5.0 0.13169777412355244
110.0 5.0 0.12813521843716358
115.0 5.0 0.12413510815221462
120.0 5.0 0.11970234399287366
125.0 5.0 0.11484259941029779
130.0 5.0 0.10956225445182732
130.0 5.0 0.10956225445182732
135.0 5.0 0.10386831280886438
140.0 5.0 0.09776832871427821
145.0 5.0 0.0912703746503084
150.0 5.0 0.08438308052233728
155.0 5.0 0.0771157684331718
155.0 5.0 0.0771157684331718
160.0 5.0 0.0694786933555791
165.0 5.0 0.06148337915109492
170.0 5.0 0.05314301419321066
175.0 5.0 0.04447284681673663
180.0 5.0 0.03549050542823834
180.0 5.0 0.03549050542823834
185.0 5.0 0.026216168412764196
190.0 5.0 0.016672528126327357
195.0 5.0 0.006884528035519144
200.0 5.0 -0.003121106883495761
205.0 5.0 -0.013316490921242763
205.0 5.0 -0.013316490921242763
210.0 5.0 -0.023673273567478503
215.0 5.0 -0.03416333248934755
0.0 10.0 0.10372723351024249
5.0 10.0 0.1091305885202758
10.0 10.0 0.11423334847883759
10.0 10.0 0.11423334847883759
15.0 10.0 0.11900827562601202
20.0 10.0 0.12342936437883889
25.0 10.0 0.1274726419988026
30.0 10.0 0.13111686702604364
35.0 10.0 0.13434403003279183
35.0 10.0 0.13434403003279183
40.0 10.0 0.1371395870927411
45.0 10.0 0.13949240209361669
50.0 10.0 0.14139442730499852
55.0 10.0 0.14284019668603992
60.0 10.0 0.14382623096266078
60.0 10.0 0.14382623096266078
65.0 10.0 0.14435045348122966
70.0 10.0 0.14441169572205825
75.0 10.0 0.14400934047913183
80.0 10.0 0.14314311867283325
85.0 10.0 0.1418130492593962
85.0 10.0 0.1418130492593962
90.0 10.0 0.1400194937140855
95.0 10.0 0.13776328717157993
100.0 10.0 0.1350459060456186
105.0 10.0 0.13186963495469273
110.0 10.0 0.12823770240863336
110.0 10.0 0.12823770240863336
115.0 10.0 0.12415436373179967
120.0 10.0 0.1196249202271567
125.0 10.0 0.11465567491851925
130.0 10.0 0.10925383665264127
135.0 10.0 0.1034273950649639
135.0 10.0 0.1034273950649639
140.0 10.0 0.09718499780907014
145.0 10.0 0.0905358670524633
150.0 10.0 0.0834897927218069
155.0 10.0 0.07605723337874726
160.0 10.0 0.06824954043903259
160.0 10.0 0.06824954043903259
165.0 10.0 0.06007929775178722
170.0 10.0 0.05156073913037024
175.0 10.0 0.04271017754805995
180.0 10.0 0.03354636034208447
185.0 10.0 0.024090663647933164
185.0 10.0 0.024090663647933164
190.0 10.0 0.014367060651013841
195.0 10.0 0.004401838493587218
200.0 10.0 -0.005776913420277807
205.0 10.0 -0.016139979851476083
210.0 10.0 -0.026657773967805942
210.0 10.0 -0.026657773967805942
215.0 10.0 -0.037301081267109626
0.0 15.0 0.10245397499738029
5.0 15.0 0.10795270454295003
10.0 15.0 0.11315205584789212
15.0 15.0 0.11802372842298958
15.0 15.0 0.11802372842298958
20.0 15.0 0.12254060878969708
25.0 15.0 0.12667762490941403
30.0 15.0 0.13041249432085034
35.0 15.0 0.1337262594978999
40.0 15.0 0.1366035323903092
40.0 15.0 0.1366035323903092
45.0 15.0 0.1390324217047273
50.0 15.0 0.14100417692190503
55.0 15.0 0.14251263387360102
60.0 15.0 0.1435535736249326
65.0 15.0 0.14412410503453738
65.0 15.0 0.14412410503453738
70.0 15.0 0.14422215730524923
75.0 15.0 0.14384613318110673
80.0 15.0 0.14299473720996908
85.0 15.0 0.14166696406631224
90.0 15.0 0.1398622123381305
90.0 15.0 0.1398622123381305
95.0 15.0 0.1375804792132369
100.0 15.0 0.13482258935992097
105.0 15.0 0.13159041488862083
110.0 15.0 0.12788705085136853
115.0 15.0 0.12371692101292109
115.0 15.0 0.12371692101292109
120.0 15.0 0.11908580069585972
125.0 15.0 0.11400075659823428
130.0 15.0 0.1084700168132679
135.0 15.0 0.10250279688012187
140.0 15.0 0.09610911830504931
140.0 15.0 0.09610911830504931
145.0 15.0 0.08929966296657438
150.0 15.0 0.08208570810257565
155.0 15.0 0.07447917991766156
160.0 15.0 0.06649284742711126
165.0 15.0 0.058140651760403006
165.0 15.0 0.058140651760403006
170.0 15.0 0.04943813267101649
175.0 15.0 0.04040288041837442
180.0 15.0 0.031054917839495322
185.0 15.0 0.021416914704243895
190.0 15.0 0.011514159674028024
190.0 15.0 0.011514159674028024
195.0 15.0 0.001374260457466303
200.0 15.0 -0.008973402964903343
205.0 15.0 -0.019498400792309634
210.0 15.0 -0.030170054912652344
215.0 15.0 -0.04095822256935677
215.0 15.0 -0.04095822256935677
0.0 20.0 0.10068244002124827
5.0 20.0 0.10626743288499041
10.0 20.0 0.11155538267694876
15.0 20.0 0.1165171208030451
20.0 20.0 0.12112459649911189
20.0 20.0 0.12112459649911189
25.0 20.0 0.12535176901135137
30.0 20.0 0.1291753907227497
35.0 20.0 0.1325755660148915
40.0 20.0 0.13553600121695736
45.0 20.0 0.13804391743797112
45.0 20.0 0.13804391743797112
50.0 20.0 0.14008966445025556
55.0 20.0 0.14166612936272338
60.0 20.0 0.14276806262931507
65.0 20.0 0.14339144131960763
70.0 20.0 0.1435329621291876
70.0 20.0 0.1435329621291876
75.0 20.0 0.143189716870891
80.0 20.0 0.14235906333877213
85.0 20.0 0.14103867240055218
90.0 20.0 0.13922671099232709
95.0 20.0 0.13692210993611587
95.0 20.0 0.13692210993611587
100.0 20.0 0.13412486317172823
105.0 20.0 0.1308363088845501
110.0 20.0 0.12705935134754326
115.0 20.0 0.12279859381346014
120.0 20.0 0.11806036654255547
120.0 20.0 0.11806036654255547
125.0 20.0 0.11285264916200655
130.0 20.0 0.10718490205676467
135.0 20.0 0.10106783620739324
140.0 20.0 0.09451316334481502
145.0 20.0 0.08753337663948013
145.0 20.0 0.08753337663948013
150.0 20.0 0.08014161413987503
155.0 20.0 0.0723516503634381
160.0 20.0 0.06417804378103842
165.0 20.0 0.05563643905826465
170.0 20.0 0.04674398580938499
170.0 20.0 0.04674398580938499
175.0 20.0 0.037519797848692416
180.0 20.0 0.027985349977337315
185.0 20.0 0.018164705017919724
190.0 20.0 0.008084488375764254
195.0 20.0 -0.0022264232665547556
195.0 20.0 -0.0022264232665547556
200.0 20.0 -0.0127374729984579
205.0 20.0 -0.02341717764590573
210.0 20.0 -0.0342339605815547
215.0 20.0 -0.04515695984090062
0.0 25.0 0.09839274619566918
0.0 25.0 0.09839274619566918
5.0 25.0 0.10405350272291847
10.0 25.0 0.10942072433382433
15.0 25.0 0.11446460963275773
20.0 25.0 0.11915638190888977
25.0 25.0 0.1234691986382318
25.0 25.0 0.1234691986382318
30.0 25.0 0.1273789504070707
35.0 25.0 0.1308648286844425
40.0 25.0 0.13390957389355262
45.0 25.0 0.13649937497692566
50.0 25.0 0.13862346204985287
50.0 25.0 0.13862346204985287
55.0 25.0 0.1402734925157358
60.0 25.0 0.14144286107462767
65.0 25.0 0.1421260605381789
70.0 25.0 0.14231819051047534
75.0 25.0 0.14201466829854503
75.0 25.0 0.14201466829854503
80.0 25.0 0.14121115379695448
85.0 25.0 0.1399036658178905
90.0 25.0 0.13808884449146486
95.0 25.0 0.13576430244889376
100.0 25.0 0.13292900449523637
100.0 25.0 0.13292900449523637
105.0 25.0 0.12958361923431888
110.0 25.0 0.12573079495514555
115.0 25.0 0.12137532482444158
120.0 25.0 0.11652418206203219
125.0 25.0 0.11118642325904377
125.0 25.0 0.11118642325904377
130.0 25.0 0.10537297607843654
135.0 25.0 0.09909634473806778
140.0 25.0 0.09237028113347995
145.0 25.0 0.08520947913170623
150.0 25.0 0.0776293520712778
150.0 25.0 0.0776293520712778
155.0 25.0 0.06964594630024257
160.0 25.0 0.06127602459117176
165.0 25.0 0.052537322135897124
170.0 25.0 0.04344893769136876
175.0 25.0 0.034031781341123724
175.0 25.0 0.034031781341123724
180.0 25.0 0.02430897054497022
185.0 25.0 0.014306060424559675
190.0 25.0 0.004051019485926122
195.0 25.0 -0.006426086082902627
200.0 25.0 -0.01709367340463902
200.0 25.0 -0.01709367340463902
205.0 25.0 -0.027919409444277232
210.0 25.0 -0.03887105478927522
215.0 25.0 -0.04991727739514856
0.0 30.0 0.09556813793091312
5.0 30.0 0.10129292731070405
5.0 30.0 0.10129292731070405
10.0 30.0 0.10672888845722994
15.0 30.0 0.1118458521491893
20.0 30.0 0.11661455746562777
25.0 30.0 0.12100755514985401
30.0 30.0 0.125
30.0 30.0 0.125
35.0 30.0 0.12857021044795042
40.0 30.0 0.13169990621223482
45.0 30.0 0.13437409602534073
50.0 30.0 0.1365806594627385
55.0 30.0 0.13830972698575272
55.0 30.0 0.13830972698575272
60.0 30.0 0.139552992905913
65.0 30.0 0.140303092106554
70.0 30.0 0.140553140424929
75.0 30.0 0.1402964943755457
80.0 30.0 0.13952674152749617
80.0 30.0 0.13952674152749617
85.0 30.0 0.13823789673683173
90.0 30.0 0.13642475475266597
95.0 30.0 0.13408333610563922
100.0 30.0 0.13121135883800705
105.0 30.0 0.12780867167618493
105.0 30.0 0.12780867167618493
110.0 30.0 0.12387759326355541
115.0 30.0 0.11942311600166078
120.0 30.0 0.11445295084727941
125.0 30.0 0.10897740976819797
130.0 30.0 0.10300914377983728
130.0 30.0 0.10300914377983728
135.0 30.0 0.09656277454952245
140.0 30.0 0.08965447423395684
145.0 30.0 0.08230155913993653
150.0 30.0 0.07452216549161472
155.0 30.0 0.06633506760024144
155.0 30.0 0.06633506760024144
160.0 30.0 0.05775967818370459
165.0 30.0 0.048816237371644866
170.0 30.0 0.0395261544822087
175.0 30.0 0.02991242330252286
180.0 30.0 0.020000000000000073
180.0 30.0 0.020000000000000073
185.0 30.0 0.009816026041044479
190.0 30.0 -0.0006101962929295213
195.0 30.0 -0.011247515429296917
200.0 30.0 -0.02206350442803756
205.0 30.0 -0.03302521788722329
205.0 30.0 -0.03302521788722329
210.0 30.0 -0.044100023241571806
215.0 30.0 -0.055256398853887945
0.0 35.0 0.09219543799278385
5.0 35.0 0.09797150170671798
10.0 35.0 0.10346463529810135
10.0 35.0 0.10346463529810135
15.0 35.0 0.108644581777664
20.0 35.0 0.1134818540219586
25.0 35.0 0.11794860746481761
30.0 35.0 0.12201940245098919
35.0 35.0 0.1256717374898706
35.0 35.0 0.1256717374898706
40.0 35.0 0.12888626727689895
45.0 35.0 0.13164667976791122
50.0 35.0 0.13393927767205127
55.0 35.0 0.13575236909847027
60.0 35.0 0.1370756025084987
60.0 35.0 0.1370756025084987
65.0 35.0 0.1378993775511092
70.0 35.0 0.1382144328309246
75.0 35.0 0.13801166748019877
80.0 35.0 0.13728220838406985
85.0 35.0 0.13601769734521385
85.0 35.0 0.13601769734521385
90.0 35.0 0.134210745696283
95.0 35.0 0.13185548787695417
100.0 35.0 0.12894815896545625
105.0 35.0 0.12548762275179687
110.0 35.0 0.1214757856982942
110.0 35.0 0.1214757856982942
115.0 35.0 0.11691784723888443
120.0 35.0 0.11182235722373185
125.0 35.0 0.10620107522436134
130.0 35.0 0.10006865154732464
135.0 35.0 0.09344217341033506
135.0 35.0 0.09344217341033506
140.0 35.0 0.0863406389515754
145.0 35.0 0.07878443383571876
150.0 35.0 0.07079488768796843
155.0 35.0 0.06239397827281662
160.0 35.0 0.053604228853952274
160.0 35.0 0.053604228853952274
165.0 35.0 0.044448808967733455
170.0 35.0 0.03495180476376464
175.0 35.0 0.025138580621234308
180.0 35.0 0.01503612147579303
185.0 35.0 0.004673237977868672
185.0 35.0 0.004673237977868672
190.0 35.0 -0.005919458945570555
195.0 35.0 -0.01670985581096518
200.0 35.0 -0.027664885048107046
205.0 35.0 -0.03875124860784418
210.0 35.0 -0.04993621198201015
210.0 35.0 -0.04993621198201015
215.0 35.0 -0.061188364320986066
0.0 40.0 0.08826528747063556
5.0 40.0 0.09407906036226543
10.0 40.0 0.09961695058327957
15.0 40.0 0.10484889234406258
15.0 40.0 0.10484889234406258
20.0 40.0 0.10974543077663934
25.0 40.0 0.11427854052194342
30.0 40.0 0.11842233558381676
35.0 40.0 0.12215355879576117
40.0 40.0 0.12545177102078908
40.0 40.0 0.12545177102078908
45.0 40.0 0.12829921800350635
50.0 40.0 0.13068042055238227
55.0 40.0 0.1325815905302148
60.0 40.0 0.1339900047272483
65.0 40.0 0.1348934660540262
65.0 40.0 0.1348934660540262
70.0 40.0 0.1352799527916827
75.0 40.0 0.1351375140200451
80.0 40.0 0.1344544247238122
85.0 40.0 0.1332195754122415
90.0 40.0 0.1314230418885382
90.0 40.0 0.1314230418885382
95.0 40.0 0.12905676163402424
100.0 40.0 0.1261152335789837
105.0 40.0 0.12259615729858414
110.0 40.0 0.11850093563935454
115.0 40.0 0.11383498104325618
115.0 40.0 0.11383498104325618
120.0 40.0 0.1086077892596854
125.0 40.0 0.10283277250549022
130.0 40.0 0.09652687422049938
135.0 40.0 0.08971001558244757
140.0 40.0 0.08240444615108616
140.0 40.0 0.08240444615108616
145.0 40.0 0.07463408420461243
150.0 40.0 0.06642393407004632
155.0 40.0 0.057799656415025435
160.0 40.0 0.04878734251564992
165.0 40.0 0.039413506247204466
165.0 40.0 0.039413506247204466
170.0 40.0 0.029705262389760567
175.0 40.0 0.019690615345264284
180.0 40.0 0.009398750484405305
185.0 40.0 -0.00113978708365442
190.0 40.0 -0.011893118470518438
190.0 40.0 -0.011893118470518438
195.0 40.0 -0.02282830482465492
200.0 40.0 -0.03391185211063247
205.0 40.0 -0.04511037828400677
210.0 40.0 -0.056391345883123944
215.0 40.0 -0.06772376239153693
215.0 40.0 -0.06772376239153693
0.0 45.0 0.08377215694660922
5.0 45.0 0.08960947429137434
10.0 45.0 0.09517902764249064
15.0 45.0 0.10045120486677717
20.0 45.0 0.10539682722040872
20.0 45.0 0.10539682722040872
25.0 45.0 0.10998789348844085
30.0 45.0 0.11419821793055202
35.0 45.0 0.11800386072300595
40.0 45.0 0.1213832798455386
45.0 45.0 0.12431718700719707
45.0 45.0 0.12431718700719707
50.0 45.0 0.1267881527837631
55.0 45.0 0.12878005892597438
60.0 45.0 0.13027752408008186
65.0 45.0 0.13126542798843716
70.0 45.0 0.13172863355378533
70.0 45.0 0.13172863355378533
75.0 45.0 0.1316519663884575
80.0 45.0 0.1310204681765716
85.0 45.0 0.12981990070517557
90.0 45.0 0.12803744543126455
95.0 45.0 0.1256625202163275
95.0 45.0 0.1256625202163275
100.0 45.0 0.12268762086428603
105.0 45.0 0.1191090909733118
110.0 45.0 0.11492773012471269
115.0 45.0 0.11014916781659045
120.0 45.0 0.1047839576966445
120.0 45.0 0.1047839576966445
125.0 45.0 0.0988473806633875
130.0 45.0 0.09235898182123398
135.0 45.0 0.08534189986094404
140.0 45.0 0.07782207325194734
145.0 45.0 0.06982742188159485
145.0 45.0 0.06982742188159485
150.0 45.0 0.06138710318564894
155.0 45.0 0.05253092760667383
160.0 45.0 0.043288990064702326
165.0 45.0 0.033691534518794974
170.0 45.0 0.023769022785104732
170.0 45.0 0.023769022785104732
175.0 45.0 0.013552335006062732
180.0 45.0 0.0030729985130370507
185.0 45.0 -0.007636665344730453
190.0 45.0 -0.018543565640219473
195.0 45.0 -0.029614081786847157
195.0 45.0 -0.029614081786847157
200.0 45.0 -0.040814507952285806
205.0 45.0 -0.05211164305371213
210.0 45.0 -0.06347344025417817
215.0 45.0 -0.07486962779269551
0.0 50.0 0.07871414990691539
0.0 50.0 0.07871414990691539
5.0 50.0 0.08456041335396192
10.0 50.0 0.09014798903731136
15.0 50.0 0.09544795179806415
20.0 50.0 0.10043161616948643
25.0 50.0 0.10507119025669887
25.0 50.0 0.10507119025669887
30.0 50.0 0.10934032685091166
35.0 50.0 0.11321448294860947
40.0 50.0 0.11667102707918448
45.0 50.0 0.11968908233292846
50.0 50.0 0.12224914921883934
50.0 50.0 0.12224914921883934
55.0 50.0 0.1243326003644652
60.0 50.0 0.12592116574099593
65.0 50.0 0.12699652775650216
70.0 50.0 0.12754012373986456
75.0 50.0 0.1275332174070179
75.0 50.0 0.1275332174070179
80.0 50.0 0.12695725967356158
85.0 50.0 0.12579451912924505
90.0 50.0 0.12402892732096471
95.0 50.0 0.12164705573962559
100.0 50.0 0.1186391218203045
100.0 50.0 0.1186391218203045
105.0 50.0 0.11499991248265762
110.0 50.0 0.11072951796343361
115.0 50.0 0.10583378713113267
120.0 50.0 0.10032444715393396
125.0 50.0 0.09421887156410946
125.0 50.0 0.09421887156410946
130.0 50.0 0.08753952528368808
135.0 50.0 0.08031315583819976
140.0 50.0 0.07256983022218672
145.0 50.0 0.06434193214951978
150.0 50.0 0.055663232773888904
150.0 50.0 0.055663232773888904
155.0 50.0 0.04656812983381503
160.0 50.0 0.03709111788104652
165.0 50.0 0.02726650979359807
170.0 50.0 0.017128383129873137
175.0 50.0 0.006710682267790535
175.0 50.0 0.006710682267790535
180.0 50.0 -0.0039526216265519665
185.0 50.0 -0.01482741740957072
190.0 50.0 -0.025879473070717585
195.0 50.0 -0.0370746323652949
200.0 50.0 -0.04837918479680464
200.0 50.0 -0.04837918479680464
205.0 50.0 -0.059760361419460784
210.0 50.0 -0.07118688341050072
215.0 50.0 -0.08262948672532755
0.0 55.0 0.07309265227499628
5.0 55.0 0.07893293822612568
5.0 55.0 0.07893293822612568
10.0 55.0 0.08452442321548503
15.0 55.0 0.08983906465975083
20.0 55.0 0.0948488528242985
25.0 55.0 0.09952636387667974
30.0 55.0 0.10384521439646366
30.0 55.0 0.10384521439646366
35.0 55.0 0.10778034195342207
40.0 55.0 0.11130806223917694
45.0 55.0 0.11440589612055302
50.0 55.0 0.11705220943622324
55.0 55.0 0.11922575102015809
55.0 55.0 0.11922575102015809
60.0 55.0 0.12090519941402172
65.0 55.0 0.12206883144786901
70.0 55.0 0.1226944084188703
75.0 55.0 0.12275934414514661
80.0 55.0 0.12224118055424449
80.0 55.0 0.12224118055424449
85.0 55.0 0.12111835601610393
90.0 55.0 0.11937121288881442
95.0 55.0 0.11698315647364477
100.0 55.0 0.11394185095280268
105.0 55.0 0.11024032293773595
105.0 55.0 0.11024032293773595
110.0 55.0 0.10587784413825702
115.0 55.0 0.10086048401176112
120.0 55.0 0.09520126043602378
125.0 55.0 0.08891986666170049
130.0 55.0 0.08204200766868419
130.0 55.0 0.08204200766868419
135.0 55.0 0.07459842868789018
140.0 55.0 0.06662375431883116
145.0 55.0 0.058155272904351074
150.0 55.0 0.04923179620801965
155.0 55.0 0.03989270108879811
155.0 55.0 0.03989270108879811
160.0 55.0 0.03017722223663788
165.0 55.0 0.02012401895828081
170.0 55.0 0.009770991364606518
175.0 55.0 -0.0008447200338924654
180.0 55.0 -0.011686644213171393
180.0 55.0 -0.011686644213171393
185.0 55.0 -0.022718897842901875
190.0 55.0 -0.033906193652454064
195.0 55.0 -0.04521398538441207
200.0 55.0 -0.05660875244908581
205.0 55.0 -0.06805838892737831
205.0 55.0 -0.06805838892737831
210.0 55.0 -0.07953263793470156
215.0 55.0 -0.09100350724659728
0.0 60.0 0.06691190110449363
5.0 60.0 0.07273100864763704
10.0 60.0 0.0783118364588602
10.0 60.0 0.0783118364588602
15.0 60.0 0.08362737817678878
20.0 60.0 0.08865044387130516
25.0 60.0 0.09335410694111546
30.0 60.0 0.09771205732893867
35.0 60.0 0.10169879901934198
35.0 60.0 0.10169879901934198
40.0 60.0 0.10528965313706129
45.0 60.0 0.10846056527103543
50.0 60.0 0.11118775847954565
55.0 60.0 0.11344731104362649
60.0 60.0 0.11521476144140769
60.0 60.0 0.11521476144140769
65.0 60.0 0.11646484791445555
70.0 60.0 0.11717147715224563
75.0 60.0 0.11730799001979314
80.0 60.0 0.11684775663348723
85.0 60.0 0.11576509238681998
85.0 60.0 0.11576509238681998
90.0 60.0 0.1140364438460596
95.0 60.0 0.11164175210950056
100.0 60.0 0.10856586596021389
105.0 60.0 0.10479985425801469
110.0 60.0 0.10034206322829609
110.0 60.0 0.10034206322829609
115.0 60.0 0.09519878429899054
120.0 60.0 0.08938444193066264
125.0 60.0 0.08292127241002006
130.0 60.0 0.07583853253108008
135.0 60.0 0.0681713380091355
135.0 60.0 0.0681713380091355
140.0 60.0 0.05995927375679183
145.0 60.0 0.05124493520093959
150.0 60.0 0.04207255107339963
155.0 60.0 0.03248680794713227
160.0 60.0 0.022531952372930486
160.0 60.0 0.022531952372930486
165.0 60.0 0.012251195795164538
170.0 60.0 0.0016863983135211313
175.0 60.0 -0.00912203283900681
180.0 60.0 -0.02013511905132276
185.0 60.0 -0.03131525434020577
185.0 60.0 -0.03131525434020577
190.0 60.0 -0.042626196441769404
195.0 60.0 -0.054033152978179066
200.0 60.0 -0.06550297316908366
205.0 60.0 -0.0770044218621797
210.0 60.0 -0.08850849100317676
210.0 60.0 -0.08850849100317676
215.0 60.0 -0.09998869730782667
0.0 65.0 0.06017854777497911
5.0 65.0 0.06596099589216231
10.0 65.0 0.07151612054415135
15.0 65.0 0.07681806284919235
15.0 65.0 0.07681806284919235
20.0 65.0 0.08184055827382886
25.0 65.0 0.08655727670404895
30.0 65.0 0.09094207414656419
35.0 65.0 0.0949691064948775
40.0 65.0 0.09861277661578682
40.0 65.0 0.09861277661578682
45.0 65.0 0.10184751811544152
50.0 65.0 0.1046474559290172
55.0 65.0 0.10698601695000731
60.0 65.0 0.10883558601880411
65.0 65.0 0.1101673097420523
65.0 65.0 0.1101673097420523
70.0 65.0 0.11095114243029619
75.0 65.0 0.11115620688193123
80.0 65.0 0.11075151041334147
85.0 65.0 0.10970701574431874
90.0 65.0 0.10799501943055051
90.0 65.0 0.10799501943055051
95.0 65.0 0.10559174113999836
100.0 65.0 0.10247898144313405
105.0 65.0 0.09864567292493914
110.0 65.0 0.09408913933305318
115.0 65.0 0.08881589766876496
115.0 65.0 0.08881589766876496
120.0 65.0 0.08284188972186074
125.0 65.0 0.0761921050137998
130.0 65.0 0.06889964136448407
135.0 65.0 0.061004324179425085
140.0 65.0 0.05255105574722724
140.0 65.0 0.05255105574722724
145.0 65.0 0.043588083406586986
150.0 65.0 0.03416536110019275
155.0 65.0 0.024333139968873263
160.0 65.0 0.014140870768107494
165.0 65.0 0.0036364444917759142
165.0 65.0 0.0036364444917759142
170.0 65.0 -0.007134253574545946
175.0 65.0 -0.01812754040388903
180.0 65.0 -0.029301969135433037
185.0 65.0 -0.04061829104988829
190.0 65.0 -0.05203942249088389
190.0 65.0 -0.05203942249088389
195.0 65.0 -0.06353046666766232
200.0 65.0 -0.0750588078857885
205.0 65.0 -0.08659426641529361
210.0 65.0 -0.09810928251494011
215.0 65.0 -0.10957909085042417
215.0 65.0 -0.10957909085042417
0.0 70.0 0.05290127879524298
5.0 70.0 0.0586312714140641
10.0 70.0 0.06414511654022204
15.0 70.0 0.06941817400876316
20.0 70.0 0.0744251741478873
20.0 70.0 0.0744251741478873
25.0 70.0 0.0791404540893989
30.0 70.0 0.08353811129632227
35.0 70.0 0.08759203583579384
40.0 70.0 0.09127580131218405
45.0 70.0 0.09456242184025576
45.0 70.0 0.09456242184025576
50.0 70.0 0.09742401397348283
55.0 70.0 0.099831431720454
60.0 70.0 0.10175396393799263
65.0 70.0 0.10315919284290626
70.0 70.0 0.10401310882032916
70.0 70.0 0.10401310882032916
75.0 70.0 0.10428056027877575
80.0 70.0 0.10392608852976165
85.0 70.0 0.10291515702889964
90.0 70.0 0.10121573300357539
95.0 70.0 0.09880012112386083
95.0 70.0 0.09880012112386083
100.0 70.0 0.09564689113997416
105.0 70.0 0.09174269633955645
110.0 70.0 0.0870837613546071
115.0 70.0 0.08167683756601635
120.0 70.0 0.07553948492821283
120.0 70.0 0.07553948492821283
125.0 70.0 0.06869963129562373
130.0 70.0 0.06119446443273685
135.0 70.0 0.05306880365008365
140.0 70.0 0.0443731574060362
145.0 70.0 0.03516169078433873
145.0 70.0 0.03516169078433873
150.0 70.0 0.02549030505195199
155.0 70.0 0.015414981805524974
160.0 70.0 0.004990481120386525
165.0 70.0 -0.005730580110938965
170.0 70.0 -0.016698297198286027
170.0 70.0 -0.016698297198286027
175.0 70.0 -0.02786576004391894
180.0 70.0 -0.039189135460812374
185.0 70.0 -0.05062763851774432
190.0 70.0 -0.06214346894025824
195.0 70.0 -0.07370176473517415
195.0 70.0 -0.07370176473517415
200.0 70.0 -0.08527059711627594
205.0 70.0 -0.09682100527905124
210.0 70.0 -0.10832705176629859
215.0 70.0 -0.11976587132078426
0.0 75.0 0.04509053635118421
0.0 75.0 0.04509053635118421
5.0 75.0 0.050751917800708535
10.0 75.0 0.05620832434622014
15.0 75.0 0.0614363698455167
20.0 75.0 0.06641181651005196
25.0 75.0 0.07110971320312753
25.0 75.0 0.07110971320312753
30.0 75.0 0.07550445669747258
35.0 75.0 0.07956974692907648
40.0 75.0 0.08327842340055108
45.0 75.0 0.08660219334366803
50.0 75.0 0.08951128938150837
50.0 75.0 0.08951128938150837
55.0 75.0 0.09197412051076059
60.0 75.0 0.09395700079274111
65.0 75.0 0.09542405191727676
70.0 75.0 0.09633737676147724
75.0 75.0 0.09665758980476802
75.0 75.0 0.09665758980476802
80.0 75.0 0.09634476531266284
85.0 75.0 0.09535982405477306
90.0 75.0 0.09366632366415173
95.0 75.0 0.09123254973432815
100.0 75.0 0.08803373332096476
100.0 75.0 0.08803373332096476
105.0 75.0 0.08405416099053153
110.0 75.0 0.07928891489836404
115.0 75.0 0.07374499871105455
120.0 75.0 0.06744167576903598
125.0 75.0 0.060409957788671864
125.0 75.0 0.060409957788671864
130.0 75.0 0.05269130996705057
135.0 75.0 0.044335749904217514
140.0 75.0 0.03539958750284572
145.0 75.0 0.025943069812020048
150.0 75.0 0.016028163741039714
150.0 75.0 0.016028163741039714
155.0 75.0 0.005716646855945584
160.0 75.0 -0.004931398510228613
165.0 75.0 -0.015858663570053
170.0 75.0 -0.02701129617619258
175.0 75.0 -0.03833925872244487
175.0 75.0 -0.03833925872244487
180.0 75.0 -0.049796449069393234
185.0 75.0 -0.06134067348297351
190.0 75.0 -0.07293354766850008
195.0 75.0 -0.08454038039430217
200.0 75.0 -0.09613006959028914
200.0 75.0 -0.09613006959028914
205.0 75.0 -0.10767501853740591
210.0 75.0 -0.11915106375439621
215.0 75.0 -0.13053739813366522
0.0 80.0 0.03675835752493439
5.0 80.0 0.04233458051180172
5.0 80.0 0.04233458051180172
10.0 80.0 0.04771677548703257
15.0 80.0 0.052882814642681075
20.0 80.0 0.057809500856119966
25.0 80.0 0.062472615384424
30.0 80.0 0.06684689438314961
30.0 80.0 0.06684689438314961
35.0 80.0 0.07090591323096379
40.0 80.0 0.07462187167952261
45.0 80.0 0.07796529289870263
50.0 80.0 0.08090467299093468
55.0 80.0 0.08340614113227257
55.0 80.0 0.08340614113227257
60.0 80.0 0.08543321077666138
65.0 80.0 0.08694671642406043
70.0 80.0 0.08790503577323011
75.0 80.0 0.08826469096262357
80.0 80.0 0.08798140173389396
80.0 80.0 0.08798140173389396
85.0 80.0 0.08701162414674157
90.0 80.0 0.08531454877363132
95.0 80.0 0.0828544543636931
100.0 80.0 0.07960322665195585
105.0 80.0 0.07554277604251142
105.0 80.0 0.07554277604251142
110.0 80.0 0.0706670468418823
115.0 80.0 0.06498332657322448
120.0 80.0 0.05851264518238425
125.0 80.0 0.05128918795225812
130.0 80.0 0.04335880018316213
130.0 80.0 0.04335880018316213
135.0 80.0 0.03477679555781715
140.0 80.0 0.02560536100527927
145.0 80.0 0.015910865961219378
150.0 80.0 0.005761341602660008
155.0 80.0 -0.004775682025615791
155.0 80.0 -0.004775682025615791
160.0 80.0 -0.015634881219705188
165.0 80.0 -0.026754365607116304
170.0 80.0 -0.03807646587747199
175.0 80.0 -0.049548157875769216
180.0 80.0 -0.061121214269017954
180.0 80.0 -0.061121214269017954
185.0 80.0 -0.07275217366571407
190.0 80.0 -0.08440220383147895
195.0 80.0 -0.09603691567558681
200.0 80.0 -0.10762616289542554
205.0 80.0 -0.11914384271847417
205.0 80.0 -0.11914384271847417
210.0 80.0 -0.13056769891548575
215.0 80.0 -0.1418791203269184
0.0 85.0 0.027918330647518252
5.0 85.0 0.033392455264591114
10.0 85.0 0.0386830599766852
10.0 85.0 0.0386830599766852
15.0 85.0 0.04376925387114328
20.0 85.0 0.04862886535935246
25.0 85.0 0.053238407440258984
30.0 85.0 0.05757297783701204
35.0 85.0 0.0616060795507507
35.0 85.0 0.0616060795507507
40.0 85.0 0.06530935952734357
45.0 85.0 0.06865228029933768
50.0 85.0 0.07160175998582685
55.0 85.0 0.07412183762464264
60.0 85.0 0.07617344098798057
60.0 85.0 0.07617344098798057
65.0 85.0 0.07771435026054979
70.0 85.0 0.0786994603860603
75.0 85.0 0.07908144378299076
80.0 85.0 0.07881189852346543
85.0 85.0 0.07784302929810216
85.0 85.0 0.07784302929810216
90.0 85.0 0.07612984531456013
95.0 85.0 0.07363277163819504
100.0 85.0 0.07032046879121151
105.0 85.0 0.06617256176679481
110.0 85.0 0.06118192453462529
110.0 85.0 0.06118192453462529
115.0 85.0 0.055356178368214715
120.0 85.0 0.048718154472291886
125.0 85.0 0.04130522905139555
130.0 85.0 0.033167622049509515
135.0 85.0 0.024365908570412098
135.0 85.0 0.024365908570412098
140.0 85.0 0.014968084299313678
145.0 85.0 0.005046538599215111
150.0 85.0 -0.00532476618088179
155.0 85.0 -0.016072704512775537
160.0 85.0 -0.02712688380388706
160.0 85.0 -0.02712688380388706
165.0 85.0 -0.03842101142305704
170.0 85.0 -0.04989377928419986
175.0 85.0 -0.06148934794398775
180.0 85.0 -0.07315752490912636
185.0 85.0 -0.08485372821222092
185.0 85.0 -0.08485372821222092
190.0 85.0 -0.09653881246845875
195.0 85.0 -0.10817881588409017
200.0 85.0 -0.11974466731056521
205.0 85.0 -0.131211875550291
210.0 85.0 -0.14256021061213553
210.0 85.0 -0.14256021061213553
215.0 85.0 -0.1537733791059943
0.0 90.0 0.018585652165129862
5.0 90.0 0.02394038913708807
10.0 90.0 0.029121479648152704
15.0 90.0 0.03410922781756509
15.0 90.0 0.03410922781756509
20.0 90.0 0.038882452937207546
25.0 90.0 0.043418380515478194
30.0 90.0 0.0476924745670152
35.0 90.0 0.051678202153223496
40.0 90.0 0.05534673161914544
40.0 90.0 0.05534673161914544
45.0 90.0 0.0586665806706837
50.0 90.0 0.06160324845888282
55.0 90.0 0.06411888577889069
60.0 90.0 0.06617207761531152
65.0 90.0 0.06771783041084656
65.0 90.0 0.06771783041084656
70.0 90.0 0.06870786957383257
75.0 90.0 0.06909135634362595
80.0 90.0 0.0688161208000842
85.0 90.0 0.06783047190510588
90.0 90.0 0.06608557959046846
90.0 90.0 0.06608557959046846
95.0 90.0 0.06353832738956738
100.0 90.0 0.06015441751266509
105.0 90.0 0.05591139872958156
110.0 90.0 0.050801217566826096
115.0 90.0 0.044831901074045055
115.0 90.0 0.044831901074045055
120.0 90.0 0.038028081905599864
125.0 90.0 0.03043025786036596
130.0 90.0 0.022092890336715243
135.0 90.0 0.01308162798036433
140.0 90.0 0.0034700450862121257
140.0 90.0 0.0034700450862121257
145.0 90.0 -0.0066637068678748745
150.0 90.0 -0.01724000478860299
155.0 90.0 -0.028180397048995887
160.0 90.0 -0.03940967962559372
165.0 90.0 -0.05085739568378761
165.0 90.0 -0.05085739568378761
170.0 90.0 -0.06245881289816352
175.0 90.0 -0.07415546634699777
180.0 90.0 -0.08589536459341995
185.0 90.0 -0.09763295065403288
190.0 90.0 -0.10932889511764182
190.0 90.0 -0.10932889511764182
195.0 90.0 -0.12094978109703475
200.0 90.0 -0.13246772361861375
205.0 90.0 -0.1438599516755848
210.0 90.0 -0.15510837052177895
215.0 90.0 -0.1661991149636073
215.0 90.0 -0.1661991149636073
0.0 95.0 0.00877725823533182
5.0 95.0 0.013995063794129292
10.0 95.0 0.019048290213357633
15.0 95.0 0.02391837974691924
20.0 95.0 0.028585093003078876
20.0 95.0 0.028585093003078876
25.0 95.0 0.033026333468150926
30.0 95.0 0.03721792016553693
35.0 95.0 0.04113330414181915
40.0 95.0 0.044743233348340516
45.0 95.0 0.04801538302351832
45.0 95.0 0.04801538302351832
50.0 95.0 0.05091398453341739
55.0 95.0 0.05339950409761851
60.0 95.0 0.05542844280652015
65.0 95.0 0.05695334901691845
70.0 95.0 0.057923150500983955
70.0 95.0 0.057923150500983955
75.0 95.0 0.058283921502488345
80.0 95.0 0.05798019154863032
85.0 95.0 0.056956869105351804
90.0 95.0 0.05516178547914663
95.0 95.0 0.05254876039442807
95.0 95.0 0.05254876039442807
100.0 95.0 0.04908096079961638
105.0 95.0 0.044734196390414094
110.0 95.0 0.03949971130002011
115.0 95.0 0.033386034248926
120.0 95.0 0.026419560965714906
120.0 95.0 0.026419560965714906
125.0 95.0 0.018643745906572917
130.0 95.0 0.01011701973288387
135.0 95.0 0.0009097529870574217
140.0 95.0 -0.00889930058749211
145.0 95.0 -0.019226642667393323
145.0 95.0 -0.019226642667393323
150.0 95.0 -0.02998739389311056
155.0 95.0 -0.04109815038075021
160.0 95.0 -0.0524792279481025
165.0 95.0 -0.06405628963642007
170.0 95.0 -0.07576141693308847
170.0 95.0 -0.07576141693308847
175.0 95.0 -0.08753371656540143
180.0 95.0 -0.09931956166139
185.0 95.0 -0.1110725582293891
190.0 95.0 -0.12275331324808986
195.0 95.0 -0.13432906453187998
195.0 95.0 -0.13432906453187998
200.0 95.0 -0.14577321796399256
205.0 95.0 -0.15706482599537297
210.0 95.0 -0.16818803271633476
215.0 95.0 -0.17913150491260943
0.0 100.0 -0.0014879987697794528
0.0 100.0 -0.0014879987697794528
5.0 100.0 0.0035752255042986736
10.0 100.0 0.008481990874838807
15.0 100.0 0.013214811305550023
20.0 100.0 0.017754329255193935
25.0 100.0 0.02207908048266405
25.0 100.0 0.02207908048266405
30.0 100.0 0.026165214607738685
35.0 100.0 0.02998617136923043
40.0 100.0 0.033512319948161784
45.0 100.0 0.036710579298405044
50.0 100.0 0.03954405128933847
50.0 100.0 0.03954405128933847
55.0 100.0 0.041971715494096506
60.0 100.0 0.04394825406833219
65.0 100.0 0.045424095871194614
70.0 100.0 0.046345787687959494
75.0 100.0 0.04665681159020779
75.0 100.0 0.04665681159020779
80.0 100.0 0.04629896263724903
85.0 100.0 0.04521436950654695
90.0 100.0 0.043348172035970856
95.0 100.0 0.040651760171519224
100.0 100.0 0.037086338477599845
100.0 100.0 0.037086338477599845
105.0 100.0 0.03262643881881544
110.0 100.0 0.027262907833638272
115.0 100.0 0.02100489410319284
120.0 100.0 0.01388047836145151
125.0 100.0 0.005935810943318853
125.0 100.0 0.005935810943318853
130.0 100.0 -0.0027671177803577085
135.0 100.0 -0.012153726254197028
140.0 100.0 -0.02214064147862288
145.0 100.0 -0.032639579701961074
150.0 100.0 -0.04356092997421557
150.0 100.0 -0.04356092997421557
155.0 100.0 -0.05481679924458366
160.0 100.0 -0.06632341299016814
165.0 100.0 -0.0780028700761336
170.0 100.0 -0.08978431523997521
175.0 100.0 -0.10160462179793994
175.0 100.0 -0.10160462179793994
180.0 100.0 -0.11340868165793516
185.0 100.0 -0.12514939062873082
190.0 100.0 -0.13678740286387903
195.0 100.0 -0.14829071425680507
200.0 100.0 -0.1596341230666306
200.0 100.0 -0.1596341230666306
205.0 100.0 -0.17079860745322323
210.0 100.0 -0.18177065337084564
215.0 100.0 -0.19254156150479584
0.0 105.0 -0.01218915894308159
5.0 105.0 -0.007298072894432073
5.0 105.0 -0.007298072894432073
10.0 105.0 -0.002556378463662523
15.0 105.0 0.002019439687776403
20.0 105.0 0.006410841974226367
25.0 105.0 0.010596944633208483
30.0 105.0 0.014554194785024288
30.0 105.0 0.014554194785024288
35.0 105.0 0.01825601388306375
40.0 105.0 0.021672419680900723
45.0 105.0 0.024769645550778263
50.0 105.0 0.027509787903980953
55.0 105.0 0.02985052795003651
55.0 105.0 0.02985052795003651
60.0 105.0 0.03174499294146377
65.0 105.0 0.03314184317217067
70.0 105.0 0.03398569126139667
75.0 105.0 0.034217973845261374
80.0 105.0 0.033778393604959545
80.0 105.0 0.033778393604959545
85.0 105.0 0.03260701982689185
90.0 105.0 0.030647066989708427
95.0 105.0 0.027848258203607534
100.0 105.0 0.02417053338246694
105.0 105.0 0.01958771162503714
105.0 105.0 0.01958771162503714
110.0 105.0 0.014090613183191325
115.0 105.0 0.007689141271564226
120.0 105.0 0.0004129465644731045
125.0 105.0 -0.0076894706249938105
130.0 105.0 -0.01655308958921542
130.0 105.0 -0.01655308958921542
135.0 105.0 -0.026099765353607862
140.0 105.0 -0.03624220156524122
145.0 105.0 -0.04688801070042242
150.0 105.0 -0.05794347049754339
155.0 105.0 -0.06931672919766974
155.0 105.0 -0.06931672919766974
160.0 105.0 -0.0809203519847016
165.0 105.0 -0.0926732069704706
170.0 105.0 -0.10450175248919341
175.0 105.0 -0.11634081439831112
180.0 105.0 -0.1281339447964589
180.0 105.0 -0.1281339447964589
185.0 105.0 -0.13983344420854682
190.0 105.0 -0.15140011670852999
195.0 105.0 -0.16280281653510514
200.0 105.0 -0.1740178371085368
205.0 105.0 -0.18502818850177538
205.0 105.0 -0.18502818850177538
210.0 105.0 -0.19582280597058788
215.0 105.0 -0.2063957286937484
0.0 110.0 -0.02330297667279957
5.0 110.0 -0.01860124983585154
10.0 110.0 -0.01404296827889151
10.0 110.0 -0.01404296827889151
15.0 110.0 -0.009643683947116677
20.0 110.0 -0.0054211809947496414
25.0 110.0 -0.0013958146983407693
30.0 110.0 0.0024091236056719145
35.0 110.0 0.005967023957267115
35.0 110.0 0.005967023957267115
40.0 110.0 0.009247570674711436
45.0 110.0 0.012216370645927177
50.0 110.0 0.014834626814640983
55.0 110.0 0.01705890038600083
60.0 110.0 0.01884102306063995
60.0 110.0 0.01884102306063995
65.0 110.0 0.020128241467441355
70.0 110.0 0.020863696853527347
75.0 110.0 0.020987357997078238
80.0 110.0 0.020437524748416036
85.0 110.0 0.019152991305903477
85.0 110.0 0.019152991305903477
90.0 110.0 0.017075890294931173
95.0 110.0 0.014155125443863215
100.0 110.0 0.010350151653505169
105.0 110.0 0.005634707746842826
110.0 110.0 0.0
110.0 110.0 0.0
115.0 110.0 -0.006543172194500069
120.0 110.0 -0.013963733674564216
125.0 110.0 -0.0222112434579107
130.0 110.0 -0.031218266452340104
135.0 110.0 -0.04090383868442071
135.0 110.0 -0.04090383868442071
140.0 110.0 -0.05117753055471974
145.0 110.0 -0.06194361372093926
150.0 110.0 -0.0731049369331912
155.0 110.0 -0.08456626075683771
160.0 110.0 -0.09623694053041076
160.0 110.0 -0.09623694053041076
165.0 110.0 -0.10803295107576383
170.0 110.0 -0.11987830758375062
175.0 110.0 -0.13170596180021282
180.0 110.0 -0.14345825437812892
185.0 110.0 -0.1550869958190872
185.0 110.0 -0.1550869958190872
190.0 110.0 -0.16655323875795175
195.0 110.0 -0.17782679786960354
200.0 110.0 -0.188885571108714
205.0 110.0 -0.19971471579936456
210.0 110.0 -0.21030573297125366
210.0 110.0 -0.21030573297125366
215.0 110.0 -0.22065551135273032
0.0 115.0 -0.034803780244626936
5.0 115.0 -0.030308020060540453
10.0 115.0 -0.02595090923016652
15.0 115.0 -0.021747128718622832
15.0 115.0 -0.021747128718622832
20.0 115.0 -0.017713762639618602
25.0 115.0 -0.013870683723187838
30.0 115.0 -0.010240953923324414
35.0 115.0 -0.006851227002209415
40.0 115.0 -0.003732136620639148
40.0 115.0 -0.003732136620639148
45.0 115.0 -0.0009186486312008912
50.0 115.0 0.001549651351818504
55.0 115.0 0.0036283756417448965
60.0 115.0 0.005268314128622831
65.0 115.0 0.006415652498996727
65.0 115.0 0.006415652498996727
70.0 115.0 0.007012526237263228
75.0 115.0 0.006998022768260392
80.0 115.0 0.006309744165634845
85.0 115.0 0.00488601551628387
90.0 115.0 0.0026687574087554955
90.0 115.0 0.0026687574087554955
95.0 115.0 -0.00039307020224027545
100.0 115.0 -0.004339691752964114
105.0 115.0 -0.009196796915242333
110.0 115.0 -0.014972372822597224
115.0 115.0 -0.021654588343897052
115.0 115.0 -0.021654588343897052
120.0 115.0 -0.029211110059346845
125.0 115.0 -0.03758999913295924
130.0 115.0 -0.04672206389811806
135.0 115.0 -0.05652431034879113
140.0 115.0 -0.06690400727921475
140.0 115.0 -0.06690400727921475
145.0 115.0 -0.07776288233720702
150.0 115.0 -0.08900106082793258
155.0 115.0 -0.10052049826181225
160.0 115.0 -0.11222779142014921
165.0 115.0 -0.12403635183234474
165.0 115.0 -0.12403635183234474
170.0 115.0 -0.13586798252945764
175.0 115.0 -0.14765392131152072
180.0 115.0 -0.15933541526579698
185.0 115.0 -0.17086388498268945
190.0 115.0 -0.18220073169001838
190.0 115.0 -0.18220073169001838
195.0 115.0 -0.19331684014012035
200.0 115.0 -0.20419183413899478
205.0 115.0 -0.21481314727885426
210.0 115.0 -0.22517497533543918
215.0 115.0 -0.23527717639791618
215.0 115.0 -0.23527717639791618
0.0 120.0 -0.04666339013122778
5.0 120.0 -0.04238928955241561
10.0 120.0 -0.0382501853062307
15.0 120.0 -0.034259937740115376
20.0 120.0 -0.030434974014803995
20.0 120.0 -0.030434974014803995
25.0 120.0 -0.02679471825975288
30.0 120.0 -0.023362024726249542
35.0 120.0 -0.02016359533682871
40.0 120.0 -0.01723036120589244
45.0 120.0 -0.014597805118169271
45.0 120.0 -0.014597805118169271
50.0 120.0 -0.012306196955841786
55.0 120.0 -0.010400705024167678
60.0 120.0 -0.008931332224234811
65.0 120.0 -0.007952607716802174
70.0 120.0 -0.007522945205806875
70.0 120.0 -0.007522945205806875
75.0 120.0 -0.007703564483027392
80.0 120.0 -0.008556873001512755
85.0 120.0 -0.010144230918893826
90.0 120.0 -0.012523087421435042
95.0 120.0 -0.01574358269957471
95.0 120.0 -0.01574358269957471
100.0 120.0 -0.019844848910443413
105.0 120.0 -0.024851385175400087
110.0 120.0 -0.030769979151258453
115.0 120.0 -0.0375876519697676
120.0 120.0 -0.04527098810445551
120.0 120.0 -0.04527098810445551
125.0 120.0 -0.053766994312290706
130.0 120.0 -0.06300537337818352
135.0 120.0 -0.07290187857876806
140.0 120.0 -0.08336229452862753
145.0 120.0 -0.09428658637463755
145.0 120.0 -0.09428658637463755
150.0 120.0 -0.10557284571588571
155.0 120.0 -0.11712078937743747
160.0 120.0 -0.12883469027092265
165.0 120.0 -0.1406257102944474
170.0 120.0 -0.15241365654580508
170.0 120.0 -0.15241365654580508
175.0 120.0 -0.16412820169986864
180.0 120.0 -0.17570961108574287
185.0 120.0 -0.18710901596887497
190.0 120.0 -0.19828827339683708
195.0 120.0 -0.20921946061478378
195.0 120.0 -0.20921946061478378
200.0 120.0 -0.21988406465645371
205.0 120.0 -0.23027194078126362
210.0 120.0 -0.24038012219463994
215.0 120.0 -0.250211564768718
0.0 125.0 -0.05885111340104343
0.0 125.0 -0.05885111340104343
5.0 125.0 -0.05481313876178828
10.0 125.0 -0.05090760956500273
15.0 125.0 -0.047147601406738016
20.0 125.0 -0.04354891136123307
25.0 125.0 -0.04013053207587064
25.0 125.0 -0.04013053207587064
30.0 125.0 -0.03691511552139248
35.0 125.0 -0.03392940149464002
40.0 125.0 -0.031204585795466366
45.0 125.0 -0.028776603031535564
50.0 125.0 -0.026686297153681426
50.0 125.0 -0.026686297153681426
55.0 125.0 -0.024979446924685345
60.0 125.0 -0.023706602255173903
65.0 125.0 -0.02292267120378788
70.0 125.0 -0.022686179593218947
75.0 125.0 -0.02305811196293983
75.0 125.0 -0.02305811196293983
80.0 125.0 -0.0241002433547835
85.0 125.0 -0.02587289742610105
90.0 125.0 -0.02843212753081975
95.0 125.0 -0.03182641694535798
100.0 125.0 -0.036093122285402846
100.0 125.0 -0.036093122285402846
105.0 125.0 -0.041255012564896776
110.0 125.0 -0.047317342742575264
115.0 125.0 -0.05426590166580242
120.0 125.0 -0.06206636772174495
125.0 125.0 -0.07066510759024158
125.0 125.0 -0.07066510759024158
130.0 125.0 -0.07999131896972045
135.0 125.0 -0.08996021771073182
140.0 125.0 -0.10047685778409116
145.0 125.0 -0.11144016469856605
150.0 125.0 -0.12274683653225793
150.0 125.0 -0.12274683653225793
155.0 125.0 -0.13429487833949527
160.0 125.0 -0.14598664377184664
165.0 125.0 -0.1577313368108592
170.0 125.0 -0.16944697010953425
175.0 125.0 -0.1810617921904201
175.0 125.0 -0.1810617921904201
180.0 125.0 -0.19251519752014798
185.0 125.0 -0.20375813451733873
190.0 125.0 -0.2147530351251859
195.0 125.0 -0.22547330747697913
200.0 125.0 -0.23590245664595835
200.0 125.0 -0.23590245664595835
205.0 125.0 -0.2460329207956627
210.0 125.0 -0.2558647246783488
215.0 125.0 -0.26540405538895157
0.0 130.0 -0.07133382871489002
5.0 130.0 -0.06754490892002463
5.0 130.0 -0.06754490892002463
10.0 130.0 -0.06388691727149498
15.0 130.0 -0.06037216471213608
20.0 130.0 -0.05701582686080642
25.0 130.0 -0.053836462220220704
30.0 130.0 -0.050856505664277685
30.0 130.0 -0.050856505664277685
35.0 130.0 -0.04810270498906921
40.0 130.0 -0.04560647001254564
45.0 130.0 -0.04340410686410079
50.0 130.0 -0.04153691206359983
55.0 130.0 -0.04005109890191627
55.0 130.0 -0.04005109890191627
60.0 130.0 -0.03899752065874551
65.0 130.0 -0.03843114164008843
70.0 130.0 -0.03841019113785049
75.0 130.0 -0.03899492363060825
80.0 130.0 -0.04024590997390981
80.0 130.0 -0.04024590997390981
85.0 130.0 -0.04222180925753216
90.0 130.0 -0.04497662784718176
95.0 130.0 -0.04855656267470582
100.0 130.0 -0.05299663987382397
105.0 130.0 -0.05831747202676729
105.0 130.0 -0.05831747202676729
110.0 130.0 -0.06452253046704687
115.0 130.0 -0.07159632671318084
120.0 130.0 -0.07950380135173063
125.0 130.0 -0.08819104459299659
130.0 130.0 -0.09758726730731188
130.0 130.0 -0.09758726730731188
135.0 130.0 -0.10760776476870004
140.0 130.0 -0.11815751404658201
145.0 130.0 -0.1291350341057576
150.0 130.0 -0.1404361964173709
155.0 130.0 -0.15195776629133922
155.0 130.0 -0.15195776629133922
160.0 130.0 -0.1636005449193456
165.0 130.0 -0.17527204655436412
170.0 130.0 -0.1868886787285848
175.0 130.0 -0.19837740364887774
180.0 130.0 -0.2096768599963207
180.0 130.0 -0.2096768599963207
185.0 130.0 -0.22073792982260215
190.0 130.0 -0.2315237530787798
195.0 130.0 -0.24200922290223564
200.0 130.0 -0.25218003181908566
205.0 130.0 -0.2620313728056072
205.0 130.0 -0.2620313728056072
210.0 130.0 -0.2715664207711884
215.0 130.0 -0.2807947245539788
0.0 135.0 -0.08407617392881239
5.0 135.0 -0.08054740347964995
10.0 135.0 -0.07714898791484304
10.0 135.0 -0.07714898791484304
15.0 135.0 -0.07389247883379602
20.0 135.0 -0.07079242120180396
25.0 135.0 -0.06786691647092874
30.0 135.0 -0.06513814585461464
35.0 135.0 -0.06263281312188046
35.0 135.0 -0.06263281312188046
40.0 135.0 -0.060382470130432686
45.0 135.0 -0.058423695213448146
50.0 135.0 -0.05679810109209321
55.0 135.0 -0.05555215145101006
60.0 135.0 -0.05473676114303716
60.0 135.0 -0.05473676114303716
65.0 135.0 -0.05440664423884156
70.0 135.0 -0.05461936018321145
75.0 135.0 -0.055433997739796126
80.0 135.0 -0.056909438039841664
85.0 135.0 -0.05910216118119954
85.0 135.0 -0.05910216118119954
90.0 135.0 -0.06206361227169904
95.0 135.0 -0.06583722295573669
100.0 135.0 -0.07045528315548283
105.0 135.0 -0.07593595249887802
110.0 135.0 -0.08228076041517773
110.0 135.0 -0.08228076041517773
115.0 135.0 -0.08947293858063093
120.0 135.0 -0.09747684589929384
125.0 135.0 -0.10623859798251406
130.0 135.0 -0.11568783911873931
135.0 135.0 -0.12574044424397265
135.0 135.0 -0.12574044424397265
140.0 135.0 -0.13630184961628183
145.0 135.0 -0.14727069585786134
150.0 135.0 -0.15854251082000176
155.0 135.0 -0.17001323178136238
160.0 135.0 -0.18158243601330087
160.0 135.0 -0.18158243601330087
165.0 135.0 -0.19315619611680063
170.0 135.0 -0.20464949730301135
175.0 135.0 -0.21598815621313433
180.0 135.0 -0.2271101797869091
185.0 135.0 -0.23796651240806826
185.0 135.0 -0.23796651240806826
190.0 135.0 -0.248521148021638
195.0 135.0 -0.2587506297949829
200.0 135.0 -0.26864301352656084
205.0 135.0 -0.2781964187328051
210.0 135.0 -0.28741732113664004
210.0 135.0 -0.28741732113664004
215.0 135.0 -0.29631874609788905
0.0 140.0 -0.09704084602032281
5.0 140.0 -0.09378121440975873
10.0 140.0 -0.09065220511218652
15.0 140.0 -0.08766460430971668
15.0 140.0 -0.08766460430971668
20.0 140.0 -0.08483230237738282
25.0 140.0 -0.08217290292109686
30.0 140.0 -0.07970827648874718
35.0 140.0 -0.07746500878189178
40.0 140.0 -0.07547469949780788
40.0 140.0 -0.07547469949780788
45.0 140.0 -0.07377407925206692
50.0 140.0 -0.07240492405603904
55.0 140.0 -0.07141375460078397
60.0 140.0 -0.07085130765129494
65.0 140.0 -0.07077175890121606
65.0 140.0 -0.07077175890121606
70.0 140.0 -0.07123166423485855
75.0 140.0 -0.07228857633044938
80.0 140.0 -0.07399929456530807
85.0 140.0 -0.07641772658952906
90.0 140.0 -0.07959238504780758
90.0 140.0 -0.07959238504780758
95.0 140.0 -0.08356361191624523
100.0 140.0 -0.08836070597970264
105.0 140.0 -0.093999206643401
110.0 140.0 -0.1004786340067344
115.0 140.0 -0.10778097790209168
115.0 140.0 -0.10778097790209168
120.0 140.0 -0.11587015795837041
125.0 140.0 -0.1246925544269305
130.0 140.0 -0.1341785668031135
135.0 140.0 -0.14424503313358034
140.0 140.0 -0.15479826756138787
140.0 140.0 -0.15479826756138787
145.0 140.0 -0.1657374569592442
150.0 140.0 -0.17695818769507518
155.0 140.0 -0.18835592583024202
160.0 140.0 -0.19982932272344903
165.0 140.0 -0.21128324659114459
165.0 140.0 -0.21128324659114459
170.0 140.0 -0.22263144610912644
175.0 140.0 -0.23379874402827946
180.0 140.0 -0.24472265339578642
185.0 140.0 -0.2553543222093171
190.0 140.0 -0.26565875248896104
190.0 140.0 -0.26565875248896104
195.0 140.0 -0.2756143035251044
200.0 140.0 -0.2852115625117494
205.0 140.0 -0.2944517300671026
210.0 140.0 -0.3033447072612867
215.0 140.0 -0.3119070773799532
215.0 140.0 -0.3119070773799532
0.0 145.0 -0.11018902014059351
5.0 145.0 -0.1072051804047538
10.0 145.0 -0.10435296092116886
15.0 145.0 -0.10164237067580773
20.0 145.0 -0.09908661246344852
20.0 145.0 -0.09908661246344852
25.0 145.0 -0.09670273847532135
30.0 145.0 -0.09451223520961555
35.0 145.0 -0.09254147697438475
40.0 145.0 -0.09082199627858295
45.0 145.0 -0.08939053584140116
45.0 145.0 -0.08939053584140116
50.0 145.0 -0.08828886530725805
55.0 145.0 -0.08756335954799227
60.0 145.0 -0.08726433998735683
65.0 145.0 -0.08744517499209925
70.0 145.0 -0.08816112386410457
70.0 145.0 -0.08816112386410457
75.0 145.0 -0.08946789860624665
80.0 145.0 -0.09141991704335312
85.0 145.0 -0.09406823761837257
90.0 145.0 -0.09745820430653784
95.0 145.0 -0.1016268878371615
95.0 145.0 -0.1016268878371615
100.0 145.0 -0.1066004775675729
105.0 145.0 -0.1123918404531909
110.0 145.0 -0.1189984992928787
115.0 145.0 -0.12640127446028693
120.0 145.0 -0.1345637753943415
120.0 145.0 -0.1345637753943415
125.0 145.0 -0.1434328301823351
130.0 145.0 -0.15293982809503864
135.0 145.0 -0.1630028508225158
140.0 145.0 -0.17352940654663412
145.0 145.0 -0.1844195643554537
145.0 145.0 -0.1844195643554537
150.0 145.0 -0.19556930544573564
155.0 145.0 -0.206873941903304
160.0 145.0 -0.21823148232197617
165.0 145.0 -0.22954583244156068
170.0 145.0 -0.2407297071209318
170.0 145.0 -0.2407297071209318
175.0 145.0 -0.2517071084890049
180.0 145.0 -0.262415212907515
185.0 145.0 -0.27280552490012044
190.0 145.0 -0.28284420873173177
195.0 145.0 -0.29251159240666785
195.0 145.0 -0.29251159240666785
200.0 145.0 -0.3018009352738582
205.0 145.0 -0.31071663383127374
210.0 145.0 -0.31927208974257465
215.0 145.0 -0.3274874707540596
0.0 150.0 -0.1234808899555544
0.0 150.0 -0.1234808899555544
5.0 150.0 -0.12077697970164492
10.0 150.0 -0.11820630707723528
15.0 150.0 -0.11577809379618409
20.0 150.0 -0.11350482079097668
25.0 150.0 -0.11140292988816769
25.0 150.0 -0.11140292988816769
30.0 150.0 -0.10949344012092144
35.0 150.0 -0.1078024066310197
40.0 150.0 -0.1063611620674334
45.0 150.0 -0.1052063025315535
50.0 150.0 -0.10437940555707487
50.0 150.0 -0.10437940555707487
55.0 150.0 -0.10392648797909265
60.0 150.0 -0.1038972206979275
65.0 150.0 -0.10434391408810367
70.0 150.0 -0.10532027635613478
75.0 150.0 -0.106879935411133
75.0 150.0 -0.106879935411133
80.0 150.0 -0.10907471158716558
85.0 150.0 -0.11195264084607576
90.0 150.0 -0.1155557789435005
95.0 150.0 -0.11991786406347832
100.0 150.0 -0.1250619701418717
100.0 150.0 -0.1250619701418717
105.0 150.0 -0.1309983318140942
110.0 150.0 -0.13772254882507295
115.0 150.0 -0.14521437013091293
120.0 150.0 -0.15343721194663368
125.0 150.0 -0.16233848793109734
125.0 150.0 -0.16233848793109734
130.0 150.0 -0.1718507422741967
135.0 150.0 -0.1818935000470538
140.0 150.0 -0.19237570090932812
145.0 150.0 -0.20319856734138708
150.0 150.0 -0.21425876904589003
150.0 150.0 -0.21425876904589003
155.0 150.0 -0.22545176431888964
160.0 150.0 -0.23667520911180637
165.0 150.0 -0.24783231383276932
170.0 150.0 -0.2588349971795756
175.0 150.0 -0.2696066489440272
175.0 150.0 -0.2696066489440272
180.0 150.0 -0.28008429209703534
185.0 150.0 -0.29021995069365325
190.0 150.0 -0.2999810952374701
195.0 150.0 -0.3093501434531761
200.0 150.0 -0.3183231164871799
200.0 150.0 -0.3183231164871799
205.0 150.0 -0.32690765520045234
210.0 150.0 -0.3351206615827995
215.0 150.0 -0.342985836149121
0.0 155.0 -0.13687632383840376
5.0 155.0 -0.13445385255664366
5.0 155.0 -0.13445385255664366
10.0 155.0 -0.13216674819901986
15.0 155.0 -0.1300234450152024
20.0 155.0 -0.12803567536633537
25.0 155.0 -0.12621921511836492
30.0 155.0 -0.12459453017707067
30.0 155.0 -0.12459453017707067
35.0 155.0 -0.12318724050117164
40.0 155.0 -0.1220283328961782
45.0 155.0 -0.12115408212094564
50.0 155.0 -0.12060567283769924
55.0 155.0 -0.12042854216655868
55.0 155.0 -0.12042854216655868
60.0 155.0 -0.12067147623998004
65.0 155.0 -0.12138549248347008
70.0 155.0 -0.12262252711409022
75.0 155.0 -0.12443393328295466
80.0 155.0 -0.12686878859621625
80.0 155.0 -0.12686878859621625
85.0 155.0 -0.12997201809916137
90.0 155.0 -0.13378236250918735
95.0 155.0 -0.1383302587507665
100.0 155.0 -0.14363574299683995
105.0 155.0 -0.14970652418536917
105.0 155.0 -0.14970652418536917
110.0 155.0 -0.15653639621554388
115.0 155.0 -0.1641041506378385
120.0 155.0 -0.1723731164873611
125.0 155.0 -0.18129139673095646
130.0 155.0 -0.19079280571331114
130.0 155.0 -0.19079280571331114
135.0 155.0 -0.2007984554157484
140.0 155.0 -0.21121890252865833
145.0 155.0 -0.22195675640116574
150.0 155.0 -0.23290965268928493
155.0 155.0 -0.24397350455525987
155.0 155.0 -0.24397350455525987
160.0 155.0 -0.25504593698456757
165.0 155.0 -0.2660297805013475
170.0 155.0 -0.27683645037050386
175.0 155.0 -0.28738898239190347
180.0 155.0 -0.2976244631358499
180.0 155.0 -0.2976244631358499
185.0 155.0 -0.3074956077330552
190.0 155.0 -0.31697131563042447
195.0 155.0 -0.32603616427205295
200.0 155.0 -0.33468895007104765
205.0 155.0 -0.34294051319814256
205.0 155.0 -0.34294051319814256
210.0 155.0 -0.35081115416099024
215.0 155.0 -0.35832795417269386
0.0 160.0 -0.1503356200311775
5.0 160.0 -0.14819343619339653
10.0 160.0 -0.1461891592826819
10.0 160.0 -0.1461891592826819
15.0 160.0 -0.14433045342952977
20.0 160.0 -0.14262829188595355
25.0 160.0 -0.14109774107904988
30.0 160.0 -0.13975863395537175
35.0 160.0 -0.13863603771320426
35.0 160.0 -0.13863603771320426
40.0 160.0 -0.1377604389163029
45.0 160.0 -0.1371676033275201
50.0 160.0 -0.13689810840848132
55.0 160.0 -0.13699658043487628
60.0 160.0 -0.1375106859580334
60.0 160.0 -0.1375106859580334
65.0 160.0 -0.13848992668867027
70.0 160.0 -0.13998427315783923
75.0 160.0 -0.14204265544052158
80.0 160.0 -0.1447113185669931
85.0 160.0 -0.14803205252167795
85.0 160.0 -0.14803205252167795
90.0 160.0 -0.15204032373536946
95.0 160.0 -0.15676336372741667
100.0 160.0 -0.16221830413896077
105.0 160.0 -0.1684104765633782
110.0 160.0 -0.1753320110613768
110.0 160.0 -0.1753320110613768
115.0 160.0 -0.1829608626263574
120.0 160.0 -0.19126036913300454
125.0 160.0 -0.20017940291526484
130.0 160.0 -0.20965313160197244
135.0 160.0 -0.21960436403881034
135.0 160.0 -0.21960436403881034
140.0 160.0 -0.2299454324898307
145.0 160.0 -0.24058055414946125
150.0 160.0 -0.2514086163732566
155.0 160.0 -0.26232632791280963
160.0 160.0 -0.2732316586455742
160.0 160.0 -0.2732316586455742
165.0 160.0 -0.2840274441907822
170.0 160.0 -0.2946249627797337
175.0 160.0 -0.30494721859126717
180.0 160.0 -0.31493161956427196
185.0 160.0 -0.3245317505329738
185.0 160.0 -0.3245317505329738
190.0 160.0 -0.33371803101681885
195.0 160.0 -0.34247719945593136
200.0 160.0 -0.35081074249649213
205.0 160.0 -0.3587325375495323
210.0 160.0 -0.36626605887659813
210.0 160.0 -0.36626605887659813
215.0 160.0 -0.37344149887318945
0.0 165.0 -0.16382032877178632
5.0 165.0 -0.16195467804522312
10.0 165.0 -0.1602297912694386
15.0 165.0 -0.15865260299867107
15.0 165.0 -0.15865260299867107
20.0 165.0 -0.15723333974803122
25.0 165.0 -0.15598633439900422
30.0 165.0 -0.15493072001931052
35.0 165.0 -0.15409089818777838
40.0 165.0 -0.15349669747090078
40.0 165.0 -0.15349669747090078
45.0 165.0 -0.15318317772672113
50.0 165.0 -0.15319008359862435
55.0 165.0 -0.15356099076933866
60.0 165.0 -0.154342209922038
65.0 165.0 -0.15558151323122005
65.0 165.0 -0.15558151323122005
70.0 165.0 -0.15732673261495328
75.0 165.0 -0.1596242586444453
80.0 165.0 -0.16251745429245112
85.0 165.0 -0.1660449951179801
90.0 165.0 -0.17023915849860127
90.0 165.0 -0.17023915849860127
95.0 165.0 -0.17512410608421142
100.0 165.0 -0.18071422955491911
105.0 165.0 -0.1870126523930042
110.0 165.0 -0.19400999264164476
115.0 165.0 -0.20168348902515382
115.0 165.0 -0.20168348902515382
120.0 165.0 -0.2099965750550283
125.0 165.0 -0.2188989572166971
130.0 165.0 -0.2283272218322332
135.0 165.0 -0.23820596916159004
140.0 165.0 -0.24844945830467416
140.0 165.0 -0.24844945830467416
145.0 165.0 -0.2589637423145563
150.0 165.0 -0.2696492726418159
155.0 165.0 -0.2804039433067689
160.0 165.0 -0.29112651464161676
165.0 165.0 -0.3017202959895231
165.0 165.0 -0.3017202959895231
170.0 165.0 -0.31209688073641517
175.0 165.0 -0.3221796367150391
180.0 165.0 -0.3319065958962968
185.0 165.0 -0.3412323967543521
190.0 165.0 -0.3501290307029988
190.0 165.0 -0.3501290307029988
195.0 165.0 -0.3585853173143384
200.0 165.0 -0.36660523515429333
205.0 165.0 -0.3742054053388718
210.0 165.0 -0.38141211631524746
215.0 165.0 -0.3882582768007522
215.0 165.0 -0.3882582768007522
0.0 170.0 -0.17729409250546513
5.0 170.0 -0.17569877333263784
10.0 170.0 -0.17424730602129207
15.0 170.0 -0.1729459616299962
20.0 170.0 -0.17180425859835946
20.0 170.0 -0.17180425859835946
25.0 170.0 -0.17083579580044972
30.0 170.0 -0.17005895729325854
35.0 170.0 -0.16949737601318388
40.0 170.0 -0.16918006643011163
45.0 170.0 -0.16914118093300062
45.0 170.0 -0.16914118093300062
50.0 170.0 -0.1694193983020798
55.0 170.0 -0.17005699794659712
60.0 170.0 -0.17109869782395848
65.0 170.0 -0.17259033405774138
70.0 170.0 -0.17457744284718008
70.0 170.0 -0.17457744284718008
75.0 170.0 -0.1771037818890729
80.0 170.0 -0.180209810110517
85.0 170.0 -0.18393113758515645
90.0 170.0 -0.18829696336374135
95.0 170.0 -0.19332853459698374
95.0 170.0 -0.19332853459698374
100.0 170.0 -0.19903768020461843
105.0 170.0 -0.20542549010687672
110.0 170.0 -0.21248122121457252
115.0 170.0 -0.22018151081514137
120.0 170.0 -0.2284899668151978
120.0 170.0 -0.2284899668151978
125.0 170.0 -0.23735718599443217
130.0 170.0 -0.24672123177287444
135.0 170.0 -0.2565085879225054
140.0 170.0 -0.2666355975886252
145.0 170.0 -0.27701039655917103
145.0 170.0 -0.27701039655917103
150.0 170.0 -0.2875353487697626
155.0 170.0 -0.2981099786615417
160.0 170.0 -0.3086343562529315
165.0 170.0 -0.3190128188943829
170.0 170.0 -0.32915781369375147
170.0 170.0 -0.32915781369375147
175.0 170.0 -0.3389935397496646
180.0 170.0 -0.34845899889605314
185.0 170.0 -0.3575100696142418
190.0 170.0 -0.3661203240409316
195.0 170.0 -0.3742804981909105
195.0 170.0 -0.3742804981909105
200.0 170.0 -0.38199674837123865
205.0 170.0 -0.38928801391138335
210.0 170.0 -0.39618290520019284
215.0 170.0 -0.40271653171210864
0.0 175.0 -0.19072344059548607
0.0 175.0 -0.19072344059548607
5.0 175.0 -0.18939005501265838
10.0 175.0 -0.18820376081194495
15.0 175.0 -0.18717025536622678
20.0 175.0 -0.18629841301283662
25.0 175.0 -0.18560112207853724
25.0 175.0 -0.18560112207853724
30.0 175.0 -0.18509598808857752
35.0 175.0 -0.18480578559931987
40.0 175.0 -0.18475856543168423
45.0 175.0 -0.1849873721494491
50.0 175.0 -0.185529584299366
50.0 175.0 -0.185529584299366
55.0 175.0 -0.18642593880788072
60.0 175.0 -0.18771932715799494
65.0 175.0 -0.18945345121399243
70.0 175.0 -0.19167140777738612
75.0 175.0 -0.1944142452546604
75.0 175.0 -0.1944142452546604
80.0 175.0 -0.19771951441216312
85.0 175.0 -0.201619824662989
90.0 175.0 -0.20614141890755833
95.0 175.0 -0.21130279080649533
100.0 175.0 -0.2171133835389671
100.0 175.0 -0.2171133835389671
105.0 175.0 -0.22357242326704413
110.0 175.0 -0.2306679493964386
115.0 175.0 -0.23837610504665574
120.0 175.0 -0.24666074524292814
125.0 175.0 -0.2554734099848832
125.0 175.0 -0.2554734099848832
130.0 175.0 -0.26475369880198374
135.0 175.0 -0.2744300767642566
140.0 175.0 -0.2844211410234102
145.0 175.0 -0.2946373795452366
150.0 175.0 -0.3049834524331839
150.0 175.0 -0.3049834524331839
155.0 175.0 -0.3153610095369517
160.0 175.0 -0.3256720133147091
165.0 175.0 -0.33582245575994435
170.0 175.0 -0.34572624823080256
175.0 175.0 -0.3553089478369509
175.0 175.0 -0.3553089478369509
180.0 175.0 -0.36451090546943515
185.0 175.0 -0.3732894236828359
190.0 175.0 -0.3816196224354259
195.0 175.0 -0.38949391199957
200.0 175.0 -0.39692020902214975
200.0 175.0 -0.39692020902214975
205.0 175.0 -0.40391923013351505
210.0 175.0 -0.41052130135641784
215.0 175.0 -0.4167631154681365
0.0 180.0 -0.20407846766171578
5.0 180.0 -0.20299675438137166
5.0 180.0 -0.20299675438137166
10.0 180.0 -0.20206545014116672
15.0 180.0 -0.20128978620105142
20.0 180.0 -0.20067807663252885
25.0 180.0 -0.2002425426850057
30.0 180.0 -0.2
30.0 180.0 -0.2
35.0 180.0 -0.19997228991530736
40.0 180.0 -0.20018636129106193
45.0 180.0 -0.20067395887791833
50.0 180.0 -0.2014709337656283
55.0 180.0 -0.2026162419904834
55.0 180.0 -0.2026162419904834
60.0 180.0 -0.2041507246638588
65.0 180.0 -0.20611576348498523
70.0 180.0 -0.20855188618351628
75.0 180.0 -0.21149736947353032
80.0 180.0 -0.21498686371313291
80.0 180.0 -0.21498686371313291
85.0 180.0 -0.21905005019871682
90.0 180.0 -0.22371034016694896
95.0 180.0 -0.2289836315863753
100.0 180.0 -0.2348771513158187
105.0 180.0 -0.24138842168761954
105.0 180.0 -0.24138842168761954
110.0 180.0 -0.24850439860839718
115.0 180.0 -0.25620083120589926
120.0 180.0 -0.2644418912713936
125.0 180.0 -0.27318011641996764
130.0 180.0 -0.2823567071406673
130.0 180.0 -0.2823567071406673
135.0 180.0 -0.29190221746498224
140.0 180.0 -0.30173768252439315
145.0 180.0 -0.31177623086750483
150.0 180.0 -0.3219252276740096
155.0 180.0 -0.33208897572513896
155.0 180.0 -0.33208897572513896
160.0 180.0 -0.34217195217609886
165.0 180.0 -0.3520824739910854
170.0 180.0 -0.3617365695244712
175.0 180.0 -0.3710617134663963
180.0 180.0 -0.38
180.0 180.0 -0.38
185.0 180.0 -0.38851033068029234
190.0 180.0 -0.396569304850095
195.0 180.0 -0.40417070581107717
200.0 180.0 -0.4113237178297352
205.0 180.0 -0.4180502118293158
205.0 180.0 -0.4180502118293158
210.0 180.0 -0.42438154360052843
215.0 180.0 -0.43035530197145977
0.0 185.0 -0.2173333295392852
5.0 185.0 -0.216491555244967
10.0 185.0 -0.21580351694832717
10.0 185.0 -0.21580351694832717
15.0 185.0 -0.21527409593265323
20.0 185.0 -0.21491114071913348
25.0 185.0 -0.21472626166617687
30.0 185.0 -0.21473548718893143
35.0 185.0 -0.2149596654417923
35.0 185.0 -0.2149596654417923
40.0 185.0 -0.2154245205754729
45.0 185.0 -0.2161603218796318
50.0 185.0 -0.21720118307979236
55.0 185.0 -0.21858405926150937
60.0 185.0 -0.22034753629965126
60.0 185.0 -0.22034753629965126
65.0 185.0 -0.22253050865691587
70.0 185.0 -0.22517082257232113
75.0 185.0 -0.22830393469197002
80.0 185.0 -0.23196161196437132
85.0 185.0 -0.23617068354713533
85.0 185.0 -0.23617068354713533
90.0 185.0 -0.24095185097581795
95.0 185.0 -0.24631856677701852
100.0 185.0 -0.25227600028221725
105.0 185.0 -0.2588201188096573
110.0 185.0 -0.2659369198316596
110.0 185.0 -0.2659369198316596
115.0 185.0 -0.2736018539634321
120.0 185.0 -0.28177947994486163
125.0 185.0 -0.2904233928949703
130.0 185.0 -0.2994764682351326
135.0 185.0 -0.30887146750348576
135.0 185.0 -0.30887146750348576
140.0 185.0 -0.3185320586303936
145.0 185.0 -0.32837430873425044
150.0 185.0 -0.33830870482716546
155.0 185.0 -0.34824273637211123
160.0 185.0 -0.3580840223261278
160.0 185.0 -0.3580840223261278
165.0 185.0 -0.3677438782428369
170.0 185.0 -0.37714110298585113
175.0 185.0 -0.3862056449024608
180.0 185.0 -0.3948817259375091
185.0 185.0 -0.40313000404775456
185.0 185.0 -0.40313000404775456
190.0 185.0 -0.41092846403177463
195.0 185.0 -0.4182719289498574
200.0 185.0 -0.4251703221549952
205.0 185.0 -0.43164600969584255
210.0 185.0 -0.4377306579770439
210.0 185.0 -0.4377306579770439
215.0 185.0 -0.4434620365767967
0.0 190.0 -0.23046650968352067
5.0 190.0 -0.2298518862572968
10.0 190.0 -0.22939426975230187
15.0 190.0 -0.22909830543095522
15.0 190.0 -0.22909830543095522
20.0 190.0 -0.22897147114868577
25.0 190.0 -0.22902482625112697
30.0 190.0 -0.22927362290279568
35.0 190.0 -0.2297376698070996
40.0 190.0 -0.2304413628782629
40.0 190.0 -0.2304413628782629
45.0 190.0 -0.23141334444651535
50.0 190.0 -0.23268580873770955
55.0 190.0 -0.23429351938222753
60.0 190.0 -0.2362726313726211
65.0 190.0 -0.23865941159381243
65.0 190.0 -0.23865941159381243
70.0 190.0 -0.24148893466245597
75.0 190.0 -0.24479380507769727
80.0 190.0 -0.24860293274905004
85.0 190.0 -0.25294037299169847
90.0 190.0 -0.2578242356750013
90.0 190.0 -0.2578242356750013
95.0 190.0 -0.2632656697011686
100.0 190.0 -0.2692679352061719
105.0 190.0 -0.27582558361885373
110.0 190.0 -0.28292377267448604
115.0 190.0 -0.2905377486230555
115.0 190.0 -0.2905377486230555
120.0 190.0 -0.2986325314519567
125.0 190.0 -0.3071628421663857
130.0 190.0 -0.3160733155614319
135.0 190.0 -0.3252990483824771
140.0 190.0 -0.33476654047026133
140.0 190.0 -0.33476654047026133
145.0 190.0 -0.3443950917775104
150.0 190.0 -0.3540987139954799
155.0 190.0 -0.3637885921688494
160.0 190.0 -0.373376079297588
165.0 190.0 -0.3827761209205612
165.0 190.0 -0.3827761209205612
170.0 190.0 -0.39191089448124966
175.0 190.0 -0.40071333442835877
180.0 190.0 -0.40913013810721677
185.0 190.0 -0.4171238511342361
190.0 190.0 -0.42467373629237576
190.0 190.0 -0.42467373629237576
195.0 190.0 -0.4317753218012574
200.0 190.0 -0.43843875010744204
205.0 190.0 -0.4446862381670077
210.0 190.0 -0.4505490616102257
215.0 190.0 -0.4560644730848946
215.0 190.0 -0.4560644730848946
0.0 195.0 -0.243460838874472
5.0 195.0 -0.24305993158954875
10.0 195.0 -0.24281918337774422
15.0 195.0 -0.24274310497631074
20.0 195.0 -0.242838888371538
20.0 195.0 -0.242838888371538
25.0 195.0 -0.24311709671979986
30.0 195.0 -0.24359221946984366
35.0 195.0 -0.24428299159556627
40.0 195.0 -0.2452123991256676
45.0 195.0 -0.24640733654592123
45.0 195.0 -0.24640733654592123
50.0 195.0 -0.24789793322193593
55.0 195.0 -0.24971661031727604
60.0 195.0 -0.2518969548769387
65.0 195.0 -0.2544725003100444
70.0 195.0 -0.25747548734994014
70.0 195.0 -0.25747548734994014
75.0 195.0 -0.26093565610822006
80.0 195.0 -0.2648790972009908
85.0 195.0 -0.26932717388906247
90.0 195.0 -0.27429551953300996
95.0 195.0 -0.2797931142634239
95.0 195.0 -0.2797931142634239
100.0 195.0 -0.2858214490552903
105.0 195.0 -0.2923737917359496
110.0 195.0 -0.2994345759239746
115.0 195.0 -0.306978939606438
120.0 195.0 -0.31497244513534917
120.0 195.0 -0.31497244513534917
125.0 195.0 -0.3233710176721481
130.0 195.0 -0.33212114546952365
135.0 195.0 -0.34116039313057295
140.0 195.0 -0.3504182868215906
145.0 195.0 -0.3598176345920129
145.0 195.0 -0.3598176345920129
150.0 195.0 -0.3692763389013199
155.0 195.0 -0.3787097334859032
160.0 195.0 -0.3880334245797722
165.0 195.0 -0.39716653415228864
170.0 195.0 -0.40603513823715714
170.0 195.0 -0.40603513823715714
175.0 195.0 -0.41457558971980585
180.0 195.0 -0.4227373479827382
185.0 195.0 -0.4304849442265137
190.0 195.0 -0.43779880978790936
195.0 195.0 -0.4446748708145364
195.0 195.0 -0.4446748708145364
200.0 195.0 -0.4511230186075137
205.0 195.0 -0.4571647393153315
210.0 195.0 -0.46283028190407344
215.0 195.0 -0.4681557450532893
0.0 200.0 -0.25630328523670753
0.0 200.0 -0.25630328523670753
5.0 200.0 -0.25610238082498127
10.0 200.0 -0.2560646082873293
15.0 200.0 -0.2561944248362348
20.0 200.0 -0.2564988034017735
25.0 200.0 -0.25698785400089935
25.0 200.0 -0.25698785400089935
30.0 200.0 -0.25767531491128876
35.0 200.0 -0.25857882340811195
40.0 200.0 -0.2597198972622948
45.0 200.0 -0.2611235969735116
50.0 200.0 -0.2628178845185191
50.0 200.0 -0.2628178845185191
55.0 200.0 -0.2648327340268528
60.0 200.0 -0.26719907296812584
65.0 200.0 -0.2699476358594208
70.0 200.0 -0.2731078000375326
75.0 200.0 -0.2767064525700961
75.0 200.0 -0.2767064525700961
80.0 200.0 -0.2807669168195618
85.0 200.0 -0.2853079517940873
90.0 200.0 -0.29034282915200116
95.0 200.0 -0.29587849092595875
100.0 200.0 -0.3019147937541556
100.0 200.0 -0.3019147937541556
105.0 200.0 -0.30844385052689205
110.0 200.0 -0.3154494862794938
115.0 200.0 -0.3229068310972171
120.0 200.0 -0.3307820787223865
125.0 200.0 -0.3390324459286693
125.0 200.0 -0.3390324459286693
130.0 200.0 -0.34760637500488634
135.0 200.0 -0.3564440296594725
140.0 200.0 -0.3654781416935857
145.0 200.0 -0.3746352682109365
150.0 200.0 -0.3838375109909804
150.0 200.0 -0.3838375109909804
155.0 200.0 -0.3930047235416025
160.0 200.0 -0.4020571807641793
165.0 200.0 -0.4109186096054195
170.0 200.0 -0.4195193848807002
175.0 200.0 -0.4277996037568401
175.0 200.0 -0.4277996037568401
180.0 200.0 -0.4357116963985489
185.0 200.0 -0.44322223981997344
190.0 200.0 -0.4503127318093322
195.0 200.0 -0.4569792383856335
200.0 200.0 -0.4632310104666014
200.0 200.0 -0.4632310104666014
205.0 200.0 -0.4690883206499133
210.0 200.0 -0.47457985817727366
215.0 200.0 -0.47974002590413245
0.0 205.0 -0.2689845610942595
5.0 205.0 -0.26896997385509047
5.0 205.0 -0.26896997385509047
10.0 205.0 -0.2691212537929616
15.0 205.0 -0.26944286041737747
20.0 205.0 -0.26994159202953
25.0 205.0 -0.2706271331020084
30.0 205.0 -0.2715124776968333
30.0 205.0 -0.2715124776968333
35.0 205.0 -0.2726141504372392
40.0 205.0 -0.27395216580985526
45.0 205.0 -0.27554970025003017
50.0 205.0 -0.2774324909684364
55.0 205.0 -0.2796280099171939
55.0 205.0 -0.2796280099171939
60.0 205.0 -0.2821644820861619
65.0 205.0 -0.2850698214703558
70.0 205.0 -0.2883705484030882
75.0 205.0 -0.29209073482592035
80.0 205.0 -0.296251006090326
80.0 205.0 -0.296251006090326
85.0 205.0 -0.3008676137223771
90.0 205.0 -0.30595158522087407
95.0 205.0 -0.31150795420812805
100.0 205.0 -0.31753507572623835
105.0 205.0 -0.3240240355197599
105.0 205.0 -0.3240240355197599
110.0 205.0 -0.33095816745571105
115.0 205.0 -0.3383126990835528
120.0 205.0 -0.34605455157204495
125.0 205.0 -0.35414232703319093
130.0 205.0 -0.36252652361386195
130.0 205.0 -0.36252652361386195
135.0 205.0 -0.37115002612298875
140.0 205.0 -0.3799489255638419
145.0 205.0 -0.3888537212737105
150.0 205.0 -0.397790949251048
155.0 205.0 -0.4066852536334903
155.0 205.0 -0.4066852536334903
160.0 205.0 -0.41546187041969745
165.0 205.0 -0.42404942334260476
170.0 205.0 -0.43238284968775087
175.0 205.0 -0.44040619750818166
180.0 205.0 -0.4480749913030454
180.0 205.0 -0.4480749913030454
185.0 205.0 -0.4553578755765012
190.0 205.0 -0.4622373256959881
195.0 205.0 -0.4687093509106357
200.0 205.0 -0.47478227097776554
205.0 205.0 -0.4804747821832006
205.0 205.0 -0.4804747821832006
210.0 205.0 -0.4858136064102376
215.0 205.0 -0.4908310262542675
0.0 210.0 -0.28149861102185847
5.0 210.0 -0.28165691693107253
10.0 210.0 -0.2819835331835379
10.0 210.0 -0.2819835331835379
15.0 210.0 -0.2824829511521567
20.0 210.0 -0.2831618158207816
25.0 210.0 -0.2840293977317411
30.0 210.0 -0.28509794854384485
35.0 210.0 -0.28638287349545555
35.0 210.0 -0.28638287349545555
40.0 210.0 -0.28790267098303324
45.0 210.0 -0.2896786180009939
50.0 210.0 -0.2917342134084558
55.0 210.0 -0.29409442019325294
60.0 210.0 -0.29678476615237664
60.0 210.0 -0.29678476615237664
65.0 210.0 -0.29983036705868205
70.0 210.0 -0.30325492939877835
75.0 210.0 -0.30707977601432557
80.0 210.0 -0.3113229228159103
85.0 210.0 -0.31599822217148366
85.0 210.0 -0.31599822217148366
90.0 210.0 -0.3211145805545932
95.0 210.0 -0.32667525473845604
100.0 210.0 -0.33267723134258653
105.0 210.0 -0.33911069764830803
110.0 210.0 -0.3459586162392344
110.0 210.0 -0.3459586162392344
115.0 210.0 -0.35319642153232655
120.0 210.0 -0.3607918623677444
125.0 210.0 -0.36870502142768263
130.0 210.0 -0.37688854910569436
135.0 210.0 -0.38528815571352276
135.0 210.0 -0.38528815571352276
140.0 210.0 -0.39384340973608567
145.0 210.0 -0.40248888806343347
150.0 210.0 -0.41115571239068016
155.0 210.0 -0.4197734796038886
160.0 210.0 -0.42827254980844853
160.0 210.0 -0.42827254980844853
165.0 210.0 -0.4365865948092084
170.0 210.0 -0.4446552404040438
175.0 210.0 -0.45242657384445883
180.0 210.0 -0.4598592544559175
185.0 210.0 -0.46692397982072953
185.0 210.0 -0.46692397982072953
190.0 210.0 -0.47360412964625376
195.0 210.0 -0.4798955237589371
200.0 210.0 -0.4858053618667739
205.0 210.0 -0.49135052617293556
210.0 210.0 -0.496555495955635
210.0 210.0 -0.496555495955635
215.0 210.0 -0.5014501352788032
0.0 215.0 -0.2938420489605912
5.0 215.0 -0.2941602488575946
10.0 215.0 -0.29464886072639174
15.0 215.0 -0.2953124131515268
15.0 215.0 -0.2953124131515268
20.0 215.0 -0.2961573983182735
25.0 215.0 -0.2971926704980406
30.0 215.0 -0.29842973669309497
35.0 215.0 -0.29988288385947726
40.0 215.0 -0.30156910168808543
40.0 215.0 -0.30156910168808543
45.0 215.0 -0.3035077836089401
50.0 215.0 -0.30572021603765165
55.0 215.0 -0.3082288901473743
60.0 215.0 -0.3110566861589426
65.0 215.0 -0.31422598503377325
65.0 215.0 -0.31422598503377325
70.0 215.0 -0.31775775778604465
75.0 215.0 -0.3216706720166455
80.0 215.0 -0.3259802429098338
85.0 215.0 -0.33069804516294443
90.0 215.0 -0.33583099497253455
90.0 215.0 -0.33583099497253455
95.0 215.0 -0.34138070769623013
100.0 215.0 -0.34734293664573
105.0 215.0 -0.35370710077018364
110.0 215.0 -0.3604559129250262
115.0 215.0 -0.3675651253882946
115.0 215.0 -0.3675651253882946
120.0 215.0 -0.37500341491853506
125.0 215.0 -0.38273243565973886
130.0 215.0 -0.3907070741169635
135.0 215.0 -0.3988759452668266
140.0 215.0 -0.40718217082932034
140.0 215.0 -0.40718217082932034
145.0 215.0 -0.415564477051229
150.0 215.0 -0.4239586365377925
155.0 215.0 -0.43229925329852487
160.0 215.0 -0.4405218504530304
165.0 215.0 -0.44856516788921363
165.0 215.0 -0.44856516788921363
170.0 215.0 -0.4563735200565149
175.0 215.0 -0.463899015352925
180.0 215.0 -0.4711034148571883
185.0 215.0 -0.4779594236836868
190.0 215.0 -0.4844512678217615
190.0 215.0 -0.4844512678217615
195.0 215.0 -0.4905745038294014
200.0 215.0 -0.4963351163743799
205.0 215.0 -0.5017480524355236
210.0 215.0 -0.5068353992422674
215.0 215.0 -0.5116244267240071
215.0 215.0 -0.5116244267240071
