5.0 0.0 1.208888888888889
10.0 0.0 1.147037037037037
15.0 0.0 1.0851851851851853
20.0 0.0 1.0233333333333334
25.0 0.0 0.9614814814814815
25.0 0.0 0.9614814814814815
30.0 0.0 0.8996296296296297
35.0 0.0 0.8377777777777777
40.0 0.0 0.7759259259259259
45.0 0.0 0.7140740740740741
50.0 0.0 0.6522222222222223
50.0 0.0 0.6522222222222223
55.0 0.0 0.5903703703703703
60.0 0.0 0.5285185185185185
65.0 0.0 0.4666666666666667
70.0 0.0 0.4048148148148148
75.0 0.0 0.34296296296296297
75.0 0.0 0.34296296296296297
80.0 0.0 0.2811111111111111
85.0 0.0 0.21925925925925926
90.0 0.0 0.1574074074074074
95.0 0.0 0.09555555555555556
100.0 0.0 0.0337037037037037
100.0 0.0 0.0337037037037037
105.0 0.0 -0.028148148148148148
110.0 0.0 -0.09
115.0 0.0 -0.15185185185185185
120.0 0.0 -0.2137037037037037
125.0 0.0 -0.27555555555555555
125.0 0.0 -0.27555555555555555
130.0 0.0 -0.33740740740740743
135.0 0.0 -0.39925925925925926
140.0 0.0 -0.46111111111111114
145.0 0.0 -0.522962962962963
150.0 0.0 -0.5848148148148148
150.0 0.0 -0.5848148148148148
155.0 0.0 -0.6466666666666666
160.0 0.0 -0.7085185185185185
165.0 0.0 -0.7703703703703704
170.0 0.0 -0.8322222222222222
175.0 0.0 -0.894074074074074
175.0 0.0 -0.894074074074074
180.0 0.0 -0.955925925925926
185.0 0.0 -1.0177777777777777
190.0 0.0 -1.0796296296296297
195.0 0.0 -1.1414814814814815
200.0 0.0 -1.2033333333333334
200.0 0.0 -1.2033333333333334
205.0 0.0 -1.2651851851851852
210.0 0.0 -1.327037037037037
215.0 0.0 -1.3888888888888888
0.0 5.0 1.2696296296296297
5.0 5.0 1.2077777777777778
5.0 5.0 1.2077777777777778
10.0 5.0 1.145925925925926
15.0 5.0 1.084074074074074
20.0 5.0 1.0222222222222221
25.0 5.0 0.9603703703703703
30.0 5.0 0.8985185185185185
30.0 5.0 0.8985185185185185
35.0 5.0 0.8366666666666667
40.0 5.0 0.7748148148148148
45.0 5.0 0.7129629629629629
50.0 5.0 0.6511111111111111
55.0 5.0 0.5892592592592593
55.0 5.0 0.5892592592592593
60.0 5.0 0.5274074074074074
65.0 5.0 0.46555555555555556
70.0 5.0 0.40370370370370373
75.0 5.0 0.34185185185185185
80.0 5.0 0.28
80.0 5.0 0.28
85.0 5.0 0.21814814814814815
90.0 5.0 0.1562962962962963
95.0 5.0 0.09444444444444444
100.0 5.0 0.03259259259259259
105.0 5.0 -0.02925925925925926
105.0 5.0 -0.02925925925925926
110.0 5.0 -0.09111111111111111
115.0 5.0 -0.15296296296296297
120.0 5.0 -0.21481481481481482
125.0 5.0 -0.27666666666666667
130.0 5.0 -0.3385185185185185
130.0 5.0 -0.3385185185185185
135.0 5.0 -0.4003703703703704
140.0 5.0 -0.4622222222222222
145.0 5.0 -0.524074074074074
150.0 5.0 -0.585925925925926
155.0 5.0 -0.6477777777777778
155.0 5.0 -0.6477777777777778
160.0 5.0 -0.7096296296296296
165.0 5.0 -0.7714814814814814
170.0 5.0 -0.8333333333333334
175.0 5.0 -0.8951851851851852
180.0 5.0 -0.957037037037037
180.0 5.0 -0.957037037037037
185.0 5.0 -1.018888888888889
190.0 5.0 -1.0807407407407408
195.0 5.0 -1.1425925925925926
200.0 5.0 -1.2044444444444444
205.0 5.0 -1.2662962962962963
205.0 5.0 -1.2662962962962963
210.0 5.0 -1.328148148148148
215.0 5.0 -1.39
0.0 10.0 1.2685185185185186
5.0 10.0 1.2066666666666668
10.0 10.0 1.1448148148148147
10.0 10.0 1.1448148148148147
15.0 10.0 1.082962962962963
20.0 10.0 1.021111111111111
25.0 10.0 0.9592592592592593
30.0 10.0 0.8974074074074074
35.0 10.0 0.8355555555555556
35.0 10.0 0.8355555555555556
40.0 10.0 0.7737037037037037
45.0 10.0 0.7118518518518518
50.0 10.0 0.65
55.0 10.0 0.5881481481481482
60.0 10.0 0.5262962962962963
60.0 10.0 0.5262962962962963
65.0 10.0 0.46444444444444444
70.0 10.0 0.4025925925925926
75.0 10.0 0.34074074074074073
80.0 10.0 0.2788888888888889
85.0 10.0 0.21703703703703703
85.0 10.0 0.21703703703703703
90.0 10.0 0.15518518518518518
95.0 10.0 0.09333333333333334
100.0 10.0 0.03148148148148148
105.0 10.0 -0.030370370370370377
110.0 10.0 -0.09222222222222222
110.0 10.0 -0.09222222222222222
115.0 10.0 -0.15407407407407409
120.0 10.0 -0.21592592592592594
125.0 10.0 -0.2777777777777778
130.0 10.0 -0.3396296296296296
135.0 10.0 -0.4014814814814815
135.0 10.0 -0.4014814814814815
140.0 10.0 -0.4633333333333333
145.0 10.0 -0.5251851851851852
150.0 10.0 -0.587037037037037
155.0 10.0 -0.6488888888888888
160.0 10.0 -0.7107407407407408
160.0 10.0 -0.7107407407407408
165.0 10.0 -0.7725925925925926
170.0 10.0 -0.8344444444444444
175.0 10.0 -0.8962962962962963
180.0 10.0 -0.9581481481481482
185.0 10.0 -1.02
185.0 10.0 -1.02
190.0 10.0 -1.0818518518518518
195.0 10.0 -1.1437037037037037
200.0 10.0 -1.2055555555555555
205.0 10.0 -1.2674074074074073
210.0 10.0 -1.3292592592592594
210.0 10.0 -1.3292592592592594
215.0 10.0 -1.3911111111111112
0.0 15.0 1.2674074074074073
5.0 15.0 1.2055555555555555
10.0 15.0 1.1437037037037037
15.0 15.0 1.0818518518518518
15.0 15.0 1.0818518518518518
20.0 15.0 1.02
25.0 15.0 0.9581481481481482
30.0 15.0 0.8962962962962963
35.0 15.0 0.8344444444444444
40.0 15.0 0.7725925925925926
40.0 15.0 0.7725925925925926
45.0 15.0 0.7107407407407408
50.0 15.0 0.6488888888888888
55.0 15.0 0.587037037037037
60.0 15.0 0.5251851851851852
65.0 15.0 0.4633333333333333
65.0 15.0 0.4633333333333333
70.0 15.0 0.4014814814814815
75.0 15.0 0.3396296296296296
80.0 15.0 0.2777777777777778
85.0 15.0 0.21592592592592594
90.0 15.0 0.15407407407407409
90.0 15.0 0.15407407407407409
95.0 15.0 0.0922222222222222
100.0 15.0 0.030370370370370357
105.0 15.0 -0.03148148148148149
110.0 15.0 -0.09333333333333335
115.0 15.0 -0.15518518518518518
115.0 15.0 -0.15518518518518518
120.0 15.0 -0.21703703703703703
125.0 15.0 -0.2788888888888889
130.0 15.0 -0.34074074074074073
135.0 15.0 -0.4025925925925926
140.0 15.0 -0.46444444444444444
140.0 15.0 -0.46444444444444444
145.0 15.0 -0.5262962962962963
150.0 15.0 -0.5881481481481482
155.0 15.0 -0.65
160.0 15.0 -0.7118518518518518
165.0 15.0 -0.7737037037037037
165.0 15.0 -0.7737037037037037
170.0 15.0 -0.8355555555555556
175.0 15.0 -0.8974074074074074
180.0 15.0 -0.9592592592592593
185.0 15.0 -1.021111111111111
190.0 15.0 -1.082962962962963
190.0 15.0 -1.082962962962963
195.0 15.0 -1.1448148148148147
200.0 15.0 -1.2066666666666668
205.0 15.0 -1.2685185185185186
210.0 15.0 -1.3303703703703704
215.0 15.0 -1.3922222222222222
215.0 15.0 -1.3922222222222222
0.0 20.0 1.2662962962962963
5.0 20.0 1.2044444444444444
10.0 20.0 1.1425925925925926
15.0 20.0 1.0807407407407408
20.0 20.0 1.018888888888889
20.0 20.0 1.018888888888889
25.0 20.0 0.957037037037037
30.0 20.0 0.8951851851851852
35.0 20.0 0.8333333333333334
40.0 20.0 0.7714814814814814
45.0 20.0 0.7096296296296296
45.0 20.0 0.7096296296296296
50.0 20.0 0.6477777777777778
55.0 20.0 0.585925925925926
60.0 20.0 0.524074074074074
65.0 20.0 0.4622222222222222
70.0 20.0 0.4003703703703704
70.0 20.0 0.4003703703703704
75.0 20.0 0.3385185185185185
80.0 20.0 0.27666666666666667
85.0 20.0 0.21481481481481482
90.0 20.0 0.15296296296296297
95.0 20.0 0.0911111111111111
95.0 20.0 0.0911111111111111
100.0 20.0 0.029259259259259245
105.0 20.0 -0.032592592592592604
110.0 20.0 -0.09444444444444446
115.0 20.0 -0.1562962962962963
120.0 20.0 -0.21814814814814815
120.0 20.0 -0.21814814814814815
125.0 20.0 -0.28
130.0 20.0 -0.34185185185185185
135.0 20.0 -0.40370370370370373
140.0 20.0 -0.46555555555555556
145.0 20.0 -0.5274074074074074
145.0 20.0 -0.5274074074074074
150.0 20.0 -0.5892592592592593
155.0 20.0 -0.6511111111111111
160.0 20.0 -0.7129629629629629
165.0 20.0 -0.7748148148148148
170.0 20.0 -0.8366666666666667
170.0 20.0 -0.8366666666666667
175.0 20.0 -0.8985185185185185
180.0 20.0 -0.9603703703703703
185.0 20.0 -1.0222222222222221
190.0 20.0 -1.084074074074074
195.0 20.0 -1.145925925925926
195.0 20.0 -1.145925925925926
200.0 20.0 -1.2077777777777778
205.0 20.0 -1.2696296296296297
210.0 20.0 -1.3314814814814815
215.0 20.0 -1.3933333333333333
0.0 25.0 1.2651851851851852
0.0 25.0 1.2651851851851852
5.0 25.0 1.2033333333333334
10.0 25.0 1.1414814814814815
15.0 25.0 1.0796296296296297
20.0 25.0 1.0177777777777777
25.0 25.0 0.955925925925926
25.0 25.0 0.955925925925926
30.0 25.0 0.894074074074074
35.0 25.0 0.8322222222222222
40.0 25.0 0.7703703703703704
45.0 25.0 0.7085185185185185
50.0 25.0 0.6466666666666666
50.0 25.0 0.6466666666666666
55.0 25.0 0.5848148148148148
60.0 25.0 0.522962962962963
65.0 25.0 0.46111111111111114
70.0 25.0 0.39925925925925926
75.0 25.0 0.33740740740740743
75.0 25.0 0.33740740740740743
80.0 25.0 0.27555555555555555
85.0 25.0 0.21370370370370367
90.0 25.0 0.15185185185185182
95.0 25.0 0.08999999999999998
100.0 25.0 0.028148148148148134
100.0 25.0 0.028148148148148134
105.0 25.0 -0.033703703703703715
110.0 25.0 -0.09555555555555557
115.0 25.0 -0.15740740740740744
120.0 25.0 -0.2192592592592593
125.0 25.0 -0.2811111111111111
125.0 25.0 -0.2811111111111111
130.0 25.0 -0.34296296296296297
135.0 25.0 -0.4048148148148148
140.0 25.0 -0.4666666666666667
145.0 25.0 -0.5285185185185185
150.0 25.0 -0.5903703703703703
150.0 25.0 -0.5903703703703703
155.0 25.0 -0.6522222222222223
160.0 25.0 -0.7140740740740741
165.0 25.0 -0.7759259259259259
170.0 25.0 -0.8377777777777777
175.0 25.0 -0.8996296296296297
175.0 25.0 -0.8996296296296297
180.0 25.0 -0.9614814814814815
185.0 25.0 -1.0233333333333334
190.0 25.0 -1.0851851851851853
195.0 25.0 -1.147037037037037
200.0 25.0 -1.208888888888889
200.0 25.0 -1.208888888888889
205.0 25.0 -1.2707407407407407
210.0 25.0 -1.3325925925925926
215.0 25.0 -1.3944444444444444
0.0 30.0 1.2640740740740741
5.0 30.0 1.2022222222222223
5.0 30.0 1.2022222222222223
10.0 30.0 1.1403703703703705
15.0 30.0 1.0785185185185184
20.0 30.0 1.0166666666666666
25.0 30.0 0.9548148148148148
30.0 30.0 0.892962962962963
30.0 30.0 0.892962962962963
35.0 30.0 0.8311111111111111
40.0 30.0 0.7692592592592593
45.0 30.0 0.7074074074074074
50.0 30.0 0.6455555555555555
55.0 30.0 0.5837037037037037
55.0 30.0 0.5837037037037037
60.0 30.0 0.5218518518518519
65.0 30.0 0.46
70.0 30.0 0.39814814814814814
75.0 30.0 0.3362962962962963
80.0 30.0 0.27444444444444444
80.0 30.0 0.27444444444444444
85.0 30.0 0.21259259259259256
90.0 30.0 0.1507407407407407
95.0 30.0 0.08888888888888886
100.0 30.0 0.02703703703703702
105.0 30.0 -0.03481481481481483
105.0 30.0 -0.03481481481481483
110.0 30.0 -0.09666666666666669
115.0 30.0 -0.15851851851851853
120.0 30.0 -0.22037037037037038
125.0 30.0 -0.2822222222222222
130.0 30.0 -0.3440740740740741
130.0 30.0 -0.3440740740740741
135.0 30.0 -0.4059259259259259
140.0 30.0 -0.4677777777777778
145.0 30.0 -0.5296296296296297
150.0 30.0 -0.5914814814814815
155.0 30.0 -0.6533333333333333
155.0 30.0 -0.6533333333333333
160.0 30.0 -0.7151851851851851
165.0 30.0 -0.7770370370370371
170.0 30.0 -0.8388888888888889
175.0 30.0 -0.9007407407407407
180.0 30.0 -0.9625925925925926
180.0 30.0 -0.9625925925925926
185.0 30.0 -1.0244444444444445
190.0 30.0 -1.0862962962962963
195.0 30.0 -1.1481481481481481
200.0 30.0 -1.21
205.0 30.0 -1.2718518518518518
205.0 30.0 -1.2718518518518518
210.0 30.0 -1.3337037037037036
215.0 30.0 -1.3955555555555557
0.0 35.0 1.262962962962963
5.0 35.0 1.201111111111111
10.0 35.0 1.1392592592592592
10.0 35.0 1.1392592592592592
15.0 35.0 1.0774074074074074
20.0 35.0 1.0155555555555555
25.0 35.0 0.9537037037037037
30.0 35.0 0.8918518518518519
35.0 35.0 0.83
35.0 35.0 0.83
40.0 35.0 0.7681481481481481
45.0 35.0 0.7062962962962963
50.0 35.0 0.6444444444444445
55.0 35.0 0.5825925925925926
60.0 35.0 0.5207407407407407
60.0 35.0 0.5207407407407407
65.0 35.0 0.4588888888888889
70.0 35.0 0.397037037037037
75.0 35.0 0.3351851851851852
80.0 35.0 0.2733333333333333
85.0 35.0 0.21148148148148146
85.0 35.0 0.21148148148148146
90.0 35.0 0.1496296296296296
95.0 35.0 0.08777777777777775
100.0 35.0 0.025925925925925904
105.0 35.0 -0.03592592592592595
110.0 35.0 -0.0977777777777778
110.0 35.0 -0.0977777777777778
115.0 35.0 -0.15962962962962965
120.0 35.0 -0.2214814814814815
125.0 35.0 -0.2833333333333333
130.0 35.0 -0.3451851851851852
135.0 35.0 -0.40703703703703703
135.0 35.0 -0.40703703703703703
140.0 35.0 -0.4688888888888889
145.0 35.0 -0.5307407407407407
150.0 35.0 -0.5925925925925926
155.0 35.0 -0.6544444444444445
160.0 35.0 -0.7162962962962963
160.0 35.0 -0.7162962962962963
165.0 35.0 -0.7781481481481481
170.0 35.0 -0.84
175.0 35.0 -0.9018518518518519
180.0 35.0 -0.9637037037037037
185.0 35.0 -1.0255555555555556
185.0 35.0 -1.0255555555555556
190.0 35.0 -1.0874074074074074
195.0 35.0 -1.1492592592592592
200.0 35.0 -1.211111111111111
205.0 35.0 -1.272962962962963
210.0 35.0 -1.334814814814815
210.0 35.0 -1.334814814814815
215.0 35.0 -1.3966666666666667
0.0 40.0 1.2618518518518518
5.0 40.0 1.2
10.0 40.0 1.1381481481481481
15.0 40.0 1.0762962962962963
15.0 40.0 1.0762962962962963
20.0 40.0 1.0144444444444445
25.0 40.0 0.9525925925925925
30.0 40.0 0.8907407407407407
35.0 40.0 0.8288888888888889
40.0 40.0 0.7670370370370371
40.0 40.0 0.7670370370370371
45.0 40.0 0.7051851851851851
50.0 40.0 0.6433333333333333
55.0 40.0 0.5814814814814815
60.0 40.0 0.5196296296296297
65.0 40.0 0.4577777777777778
65.0 40.0 0.4577777777777778
70.0 40.0 0.3959259259259259
75.0 40.0 0.3340740740740741
80.0 40.0 0.2722222222222222
85.0 40.0 0.21037037037037035
90.0 40.0 0.1485185185185185
90.0 40.0 0.1485185185185185
95.0 40.0 0.08666666666666664
100.0 40.0 0.02481481481481479
105.0 40.0 -0.03703703703703706
110.0 40.0 -0.09888888888888892
115.0 40.0 -0.16074074074074077
115.0 40.0 -0.16074074074074077
120.0 40.0 -0.22259259259259262
125.0 40.0 -0.28444444444444444
130.0 40.0 -0.34629629629629627
135.0 40.0 -0.40814814814814815
140.0 40.0 -0.47
140.0 40.0 -0.47
145.0 40.0 -0.5318518518518518
150.0 40.0 -0.5937037037037037
155.0 40.0 -0.6555555555555556
160.0 40.0 -0.7174074074074074
165.0 40.0 -0.7792592592592592
165.0 40.0 -0.7792592592592592
170.0 40.0 -0.8411111111111111
175.0 40.0 -0.902962962962963
180.0 40.0 -0.9648148148148148
185.0 40.0 -1.0266666666666666
190.0 40.0 -1.0885185185185184
190.0 40.0 -1.0885185185185184
195.0 40.0 -1.1503703703703703
200.0 40.0 -1.2122222222222223
205.0 40.0 -1.2740740740740741
210.0 40.0 -1.335925925925926
215.0 40.0 -1.3977777777777778
215.0 40.0 -1.3977777777777778
0.0 45.0 1.2607407407407407
5.0 45.0 1.198888888888889
10.0 45.0 1.137037037037037
15.0 45.0 1.0751851851851852
20.0 45.0 1.0133333333333334
20.0 45.0 1.0133333333333334
25.0 45.0 0.9514814814814815
30.0 45.0 0.8896296296296297
35.0 45.0 0.8277777777777777
40.0 45.0 0.7659259259259259
45.0 45.0 0.7040740740740741
45.0 45.0 0.7040740740740741
50.0 45.0 0.6422222222222222
55.0 45.0 0.5803703703703704
60.0 45.0 0.5185185185185185
65.0 45.0 0.45666666666666667
70.0 45.0 0.3948148148148148
70.0 45.0 0.3948148148148148
75.0 45.0 0.3329629629629629
80.0 45.0 0.2711111111111111
85.0 45.0 0.20925925925925923
90.0 45.0 0.14740740740740738
95.0 45.0 0.08555555555555554
95.0 45.0 0.08555555555555554
100.0 45.0 0.023703703703703675
105.0 45.0 -0.038148148148148174
110.0 45.0 -0.10000000000000002
115.0 45.0 -0.16185185185185189
120.0 45.0 -0.22370370370370374
120.0 45.0 -0.22370370370370374
125.0 45.0 -0.2855555555555556
130.0 45.0 -0.34740740740740744
135.0 45.0 -0.4092592592592593
140.0 45.0 -0.4711111111111111
145.0 45.0 -0.532962962962963
145.0 45.0 -0.532962962962963
150.0 45.0 -0.5948148148148148
155.0 45.0 -0.6566666666666666
160.0 45.0 -0.7185185185185186
165.0 45.0 -0.7803703703703704
170.0 45.0 -0.8422222222222222
170.0 45.0 -0.8422222222222222
175.0 45.0 -0.904074074074074
180.0 45.0 -0.965925925925926
185.0 45.0 -1.0277777777777777
190.0 45.0 -1.0896296296296297
195.0 45.0 -1.1514814814814816
195.0 45.0 -1.1514814814814816
200.0 45.0 -1.2133333333333334
205.0 45.0 -1.2751851851851852
210.0 45.0 -1.337037037037037
215.0 45.0 -1.3988888888888888
0.0 50.0 1.2596296296296297
0.0 50.0 1.2596296296296297
5.0 50.0 1.1977777777777778
10.0 50.0 1.135925925925926
15.0 50.0 1.0740740740740742
20.0 50.0 1.0122222222222221
25.0 50.0 0.9503703703703704
25.0 50.0 0.9503703703703704
30.0 50.0 0.8885185185185185
35.0 50.0 0.8266666666666667
40.0 50.0 0.7648148148148148
45.0 50.0 0.702962962962963
50.0 50.0 0.6411111111111111
50.0 50.0 0.6411111111111111
55.0 50.0 0.5792592592592593
60.0 50.0 0.5174074074074074
65.0 50.0 0.45555555555555555
70.0 50.0 0.39370370370370367
75.0 50.0 0.3318518518518518
75.0 50.0 0.3318518518518518
80.0 50.0 0.26999999999999996
85.0 50.0 0.2081481481481481
90.0 50.0 0.14629629629629626
95.0 50.0 0.08444444444444442
100.0 50.0 0.02259259259259256
100.0 50.0 0.02259259259259256
105.0 50.0 -0.03925925925925929
110.0 50.0 -0.10111111111111114
115.0 50.0 -0.16296296296296298
120.0 50.0 -0.22481481481481486
125.0 50.0 -0.28666666666666674
125.0 50.0 -0.28666666666666674
130.0 50.0 -0.34851851851851856
135.0 50.0 -0.41037037037037044
140.0 50.0 -0.4722222222222222
145.0 50.0 -0.534074074074074
150.0 50.0 -0.595925925925926
150.0 50.0 -0.595925925925926
155.0 50.0 -0.6577777777777778
160.0 50.0 -0.7196296296296296
165.0 50.0 -0.7814814814814814
170.0 50.0 -0.8433333333333334
175.0 50.0 -0.9051851851851852
175.0 50.0 -0.9051851851851852
180.0 50.0 -0.967037037037037
185.0 50.0 -1.028888888888889
190.0 50.0 -1.0907407407407408
195.0 50.0 -1.1525925925925926
200.0 50.0 -1.2144444444444444
200.0 50.0 -1.2144444444444444
205.0 50.0 -1.2762962962962963
210.0 50.0 -1.338148148148148
215.0 50.0 -1.4
0.0 55.0 1.2585185185185186
5.0 55.0 1.1966666666666668
5.0 55.0 1.1966666666666668
10.0 55.0 1.1348148148148147
15.0 55.0 1.072962962962963
20.0 55.0 1.011111111111111
25.0 55.0 0.9492592592592592
30.0 55.0 0.8874074074074074
30.0 55.0 0.8874074074074074
35.0 55.0 0.8255555555555556
40.0 55.0 0.7637037037037037
45.0 55.0 0.7018518518518518
50.0 55.0 0.64
55.0 55.0 0.5781481481481482
55.0 55.0 0.5781481481481482
60.0 55.0 0.5162962962962963
65.0 55.0 0.45444444444444443
70.0 55.0 0.39259259259259255
75.0 55.0 0.33074074074074067
80.0 55.0 0.26888888888888884
80.0 55.0 0.26888888888888884
85.0 55.0 0.20703703703703702
90.0 55.0 0.14518518518518517
95.0 55.0 0.0833333333333333
100.0 55.0 0.02148148148148145
105.0 55.0 -0.04037037037037041
105.0 55.0 -0.04037037037037041
110.0 55.0 -0.10222222222222226
115.0 55.0 -0.1640740740740741
120.0 55.0 -0.22592592592592597
125.0 55.0 -0.28777777777777785
130.0 55.0 -0.3496296296296297
130.0 55.0 -0.3496296296296297
135.0 55.0 -0.41148148148148156
140.0 55.0 -0.47333333333333333
145.0 55.0 -0.5351851851851852
150.0 55.0 -0.597037037037037
155.0 55.0 -0.6588888888888889
155.0 55.0 -0.6588888888888889
160.0 55.0 -0.7207407407407408
165.0 55.0 -0.7825925925925926
170.0 55.0 -0.8444444444444444
175.0 55.0 -0.9062962962962963
180.0 55.0 -0.9681481481481482
180.0 55.0 -0.9681481481481482
185.0 55.0 -1.03
190.0 55.0 -1.0918518518518519
195.0 55.0 -1.1537037037037037
200.0 55.0 -1.2155555555555555
205.0 55.0 -1.2774074074074073
205.0 55.0 -1.2774074074074073
210.0 55.0 -1.3392592592592591
215.0 55.0 -1.4011111111111112
0.0 60.0 1.2574074074074073
5.0 60.0 1.1955555555555555
10.0 60.0 1.1337037037037037
10.0 60.0 1.1337037037037037
15.0 60.0 1.0718518518518518
20.0 60.0 1.01
25.0 60.0 0.9481481481481482
30.0 60.0 0.8862962962962962
35.0 60.0 0.8244444444444444
35.0 60.0 0.8244444444444444
40.0 60.0 0.7625925925925926
45.0 60.0 0.7007407407407408
50.0 60.0 0.6388888888888888
55.0 60.0 0.577037037037037
60.0 60.0 0.5151851851851852
60.0 60.0 0.5151851851851852
65.0 60.0 0.4533333333333333
70.0 60.0 0.39148148148148143
75.0 60.0 0.3296296296296296
80.0 60.0 0.2677777777777777
85.0 60.0 0.20592592592592587
85.0 60.0 0.20592592592592587
90.0 60.0 0.14407407407407402
95.0 60.0 0.08222222222222218
100.0 60.0 0.020370370370370334
105.0 60.0 -0.04148148148148152
110.0 60.0 -0.10333333333333337
110.0 60.0 -0.10333333333333337
115.0 60.0 -0.16518518518518524
120.0 60.0 -0.2270370370370371
125.0 60.0 -0.2888888888888889
130.0 60.0 -0.3507407407407408
135.0 60.0 -0.4125925925925926
135.0 60.0 -0.4125925925925926
140.0 60.0 -0.47444444444444445
145.0 60.0 -0.5362962962962963
150.0 60.0 -0.5981481481481481
155.0 60.0 -0.66
160.0 60.0 -0.7218518518518519
160.0 60.0 -0.7218518518518519
165.0 60.0 -0.7837037037037037
170.0 60.0 -0.8455555555555555
175.0 60.0 -0.9074074074074074
180.0 60.0 -0.9692592592592593
185.0 60.0 -1.031111111111111
185.0 60.0 -1.031111111111111
190.0 60.0 -1.092962962962963
195.0 60.0 -1.1548148148148147
200.0 60.0 -1.2166666666666666
205.0 60.0 -1.2785185185185186
210.0 60.0 -1.3403703703703704
210.0 60.0 -1.3403703703703704
215.0 60.0 -1.4022222222222223
0.0 65.0 1.2562962962962962
5.0 65.0 1.1944444444444444
10.0 65.0 1.1325925925925926
15.0 65.0 1.0707407407407408
15.0 65.0 1.0707407407407408
20.0 65.0 1.008888888888889
25.0 65.0 0.947037037037037
30.0 65.0 0.8851851851851852
35.0 65.0 0.8233333333333334
40.0 65.0 0.7614814814814815
40.0 65.0 0.7614814814814815
45.0 65.0 0.6996296296296296
50.0 65.0 0.6377777777777778
55.0 65.0 0.575925925925926
60.0 65.0 0.5140740740740741
65.0 65.0 0.45222222222222225
65.0 65.0 0.45222222222222225
70.0 65.0 0.3903703703703703
75.0 65.0 0.3285185185185185
80.0 65.0 0.2666666666666666
85.0 65.0 0.20481481481481476
90.0 65.0 0.1429629629629629
90.0 65.0 0.1429629629629629
95.0 65.0 0.08111111111111108
100.0 65.0 0.01925925925925922
105.0 65.0 -0.04259259259259263
110.0 65.0 -0.10444444444444448
115.0 65.0 -0.16629629629629636
115.0 65.0 -0.16629629629629636
120.0 65.0 -0.2281481481481482
125.0 65.0 -0.29000000000000004
130.0 65.0 -0.3518518518518519
135.0 65.0 -0.41370370370370374
140.0 65.0 -0.47555555555555556
140.0 65.0 -0.47555555555555556
145.0 65.0 -0.5374074074074074
150.0 65.0 -0.5992592592592593
155.0 65.0 -0.6611111111111111
160.0 65.0 -0.7229629629629629
165.0 65.0 -0.7848148148148149
165.0 65.0 -0.7848148148148149
170.0 65.0 -0.8466666666666667
175.0 65.0 -0.9085185185185185
180.0 65.0 -0.9703703703703703
185.0 65.0 -1.0322222222222222
190.0 65.0 -1.094074074074074
190.0 65.0 -1.094074074074074
195.0 65.0 -1.155925925925926
200.0 65.0 -1.2177777777777778
205.0 65.0 -1.2796296296296297
210.0 65.0 -1.3414814814814815
215.0 65.0 -1.4033333333333333
215.0 65.0 -1.4033333333333333
0.0 70.0 1.2551851851851852
5.0 70.0 1.1933333333333334
10.0 70.0 1.1314814814814815
15.0 70.0 1.0696296296296297
20.0 70.0 1.0077777777777779
20.0 70.0 1.0077777777777779
25.0 70.0 0.945925925925926
30.0 70.0 0.8840740740740741
35.0 70.0 0.8222222222222222
40.0 70.0 0.7603703703703704
45.0 70.0 0.6985185185185185
45.0 70.0 0.6985185185185185
50.0 70.0 0.6366666666666667
55.0 70.0 0.5748148148148148
60.0 70.0 0.512962962962963
65.0 70.0 0.45111111111111113
70.0 70.0 0.3892592592592592
70.0 70.0 0.3892592592592592
75.0 70.0 0.32740740740740737
80.0 70.0 0.2655555555555555
85.0 70.0 0.20370370370370366
90.0 70.0 0.1418518518518518
95.0 70.0 0.07999999999999995
95.0 70.0 0.07999999999999995
100.0 70.0 0.018148148148148104
105.0 70.0 -0.043703703703703745
110.0 70.0 -0.10555555555555561
115.0 70.0 -0.16740740740740745
120.0 70.0 -0.2292592592592593
120.0 70.0 -0.2292592592592593
125.0 70.0 -0.29111111111111115
130.0 70.0 -0.35296296296296303
135.0 70.0 -0.41481481481481486
140.0 70.0 -0.4766666666666667
145.0 70.0 -0.5385185185185185
145.0 70.0 -0.5385185185185185
150.0 70.0 -0.6003703703703703
155.0 70.0 -0.6622222222222223
160.0 70.0 -0.7240740740740741
165.0 70.0 -0.7859259259259259
170.0 70.0 -0.8477777777777777
170.0 70.0 -0.8477777777777777
175.0 70.0 -0.9096296296296297
180.0 70.0 -0.9714814814814815
185.0 70.0 -1.0333333333333334
190.0 70.0 -1.0951851851851853
195.0 70.0 -1.157037037037037
195.0 70.0 -1.157037037037037
200.0 70.0 -1.218888888888889
205.0 70.0 -1.2807407407407407
210.0 70.0 -1.3425925925925926
215.0 70.0 -1.4044444444444444
0.0 75.0 1.2540740740740741
0.0 75.0 1.2540740740740741
5.0 75.0 1.1922222222222223
10.0 75.0 1.1303703703703705
15.0 75.0 1.0685185185185184
20.0 75.0 1.0066666666666666
25.0 75.0 0.9448148148148148
25.0 75.0 0.9448148148148148
30.0 75.0 0.882962962962963
35.0 75.0 0.8211111111111111
40.0 75.0 0.7592592592592593
45.0 75.0 0.6974074074074074
50.0 75.0 0.6355555555555555
50.0 75.0 0.6355555555555555
55.0 75.0 0.5737037037037037
60.0 75.0 0.5118518518518519
65.0 75.0 0.45
70.0 75.0 0.3881481481481481
75.0 75.0 0.32629629629629625
75.0 75.0 0.32629629629629625
80.0 75.0 0.26444444444444437
85.0 75.0 0.20259259259259255
90.0 75.0 0.1407407407407407
95.0 75.0 0.07888888888888884
100.0 75.0 0.01703703703703699
100.0 75.0 0.01703703703703699
105.0 75.0 -0.04481481481481486
110.0 75.0 -0.10666666666666672
115.0 75.0 -0.16851851851851857
120.0 75.0 -0.23037037037037042
125.0 75.0 -0.29222222222222227
125.0 75.0 -0.29222222222222227
130.0 75.0 -0.3540740740740741
135.0 75.0 -0.415925925925926
140.0 75.0 -0.4777777777777778
145.0 75.0 -0.5396296296296297
150.0 75.0 -0.6014814814814815
150.0 75.0 -0.6014814814814815
155.0 75.0 -0.6633333333333333
160.0 75.0 -0.7251851851851852
165.0 75.0 -0.7870370370370371
170.0 75.0 -0.8488888888888889
175.0 75.0 -0.9107407407407407
175.0 75.0 -0.9107407407407407
180.0 75.0 -0.9725925925925926
185.0 75.0 -1.0344444444444445
190.0 75.0 -1.0962962962962963
195.0 75.0 -1.1581481481481481
200.0 75.0 -1.22
200.0 75.0 -1.22
205.0 75.0 -1.2818518518518518
210.0 75.0 -1.3437037037037036
215.0 75.0 -1.4055555555555554
0.0 80.0 1.252962962962963
5.0 80.0 1.191111111111111
5.0 80.0 1.191111111111111
10.0 80.0 1.1292592592592592
15.0 80.0 1.0674074074074074
20.0 80.0 1.0055555555555555
25.0 80.0 0.9437037037037037
30.0 80.0 0.8818518518518519
30.0 80.0 0.8818518518518519
35.0 80.0 0.82
40.0 80.0 0.7581481481481481
45.0 80.0 0.6962962962962963
50.0 80.0 0.6344444444444445
55.0 80.0 0.5725925925925925
55.0 80.0 0.5725925925925925
60.0 80.0 0.5107407407407407
65.0 80.0 0.44888888888888884
70.0 80.0 0.387037037037037
75.0 80.0 0.32518518518518513
80.0 80.0 0.2633333333333333
80.0 80.0 0.2633333333333333
85.0 80.0 0.20148148148148143
90.0 80.0 0.13962962962962958
95.0 80.0 0.07777777777777772
100.0 80.0 0.015925925925925875
105.0 80.0 -0.045925925925925974
105.0 80.0 -0.045925925925925974
110.0 80.0 -0.10777777777777783
115.0 80.0 -0.16962962962962969
120.0 80.0 -0.23148148148148154
125.0 80.0 -0.2933333333333334
130.0 80.0 -0.3551851851851852
130.0 80.0 -0.3551851851851852
135.0 80.0 -0.4170370370370371
140.0 80.0 -0.47888888888888886
145.0 80.0 -0.5407407407407407
150.0 80.0 -0.6025925925925926
155.0 80.0 -0.6644444444444444
155.0 80.0 -0.6644444444444444
160.0 80.0 -0.7262962962962963
165.0 80.0 -0.7881481481481482
170.0 80.0 -0.85
175.0 80.0 -0.9118518518518518
180.0 80.0 -0.9737037037037037
180.0 80.0 -0.9737037037037037
185.0 80.0 -1.0355555555555556
190.0 80.0 -1.0974074074074074
195.0 80.0 -1.1592592592592592
200.0 80.0 -1.221111111111111
205.0 80.0 -1.2829629629629629
205.0 80.0 -1.2829629629629629
210.0 80.0 -1.344814814814815
215.0 80.0 -1.4066666666666667
0.0 85.0 1.2518518518518518
5.0 85.0 1.19
10.0 85.0 1.1281481481481481
10.0 85.0 1.1281481481481481
15.0 85.0 1.0662962962962963
20.0 85.0 1.0044444444444445
25.0 85.0 0.9425925925925925
30.0 85.0 0.8807407407407406
35.0 85.0 0.8188888888888888
35.0 85.0 0.8188888888888888
40.0 85.0 0.757037037037037
45.0 85.0 0.6951851851851851
50.0 85.0 0.6333333333333332
55.0 85.0 0.5714814814814814
60.0 85.0 0.5096296296296295
60.0 85.0 0.5096296296296295
65.0 85.0 0.4477777777777777
70.0 85.0 0.3859259259259259
75.0 85.0 0.324074074074074
80.0 85.0 0.2622222222222222
85.0 85.0 0.2003703703703703
85.0 85.0 0.2003703703703703
90.0 85.0 0.13851851851851846
95.0 85.0 0.07666666666666662
100.0 85.0 0.014814814814814762
105.0 85.0 -0.047037037037037085
110.0 85.0 -0.10888888888888894
110.0 85.0 -0.10888888888888894
115.0 85.0 -0.1707407407407408
120.0 85.0 -0.23259259259259266
125.0 85.0 -0.2944444444444445
130.0 85.0 -0.35629629629629633
135.0 85.0 -0.4181481481481482
135.0 85.0 -0.4181481481481482
140.0 85.0 -0.4800000000000001
145.0 85.0 -0.5418518518518519
150.0 85.0 -0.6037037037037039
155.0 85.0 -0.6655555555555557
160.0 85.0 -0.7274074074074075
160.0 85.0 -0.7274074074074075
165.0 85.0 -0.7892592592592593
170.0 85.0 -0.8511111111111113
175.0 85.0 -0.912962962962963
180.0 85.0 -0.9748148148148148
185.0 85.0 -1.0366666666666666
185.0 85.0 -1.0366666666666666
190.0 85.0 -1.0985185185185184
195.0 85.0 -1.1603703703703703
200.0 85.0 -1.2222222222222223
205.0 85.0 -1.2840740740740741
210.0 85.0 -1.345925925925926
210.0 85.0 -1.345925925925926
215.0 85.0 -1.4077777777777778
0.0 90.0 1.2507407407407407
5.0 90.0 1.1888888888888889
10.0 90.0 1.127037037037037
15.0 90.0 1.0651851851851852
15.0 90.0 1.0651851851851852
20.0 90.0 1.0033333333333334
25.0 90.0 0.9414814814814815
30.0 90.0 0.8796296296296295
35.0 90.0 0.8177777777777777
40.0 90.0 0.7559259259259258
40.0 90.0 0.7559259259259258
45.0 90.0 0.694074074074074
50.0 90.0 0.6322222222222221
55.0 90.0 0.5703703703703703
60.0 90.0 0.5085185185185184
65.0 90.0 0.4466666666666666
65.0 90.0 0.4466666666666666
70.0 90.0 0.3848148148148148
75.0 90.0 0.3229629629629629
80.0 90.0 0.26111111111111107
85.0 90.0 0.19925925925925922
90.0 90.0 0.13740740740740737
90.0 90.0 0.13740740740740737
95.0 90.0 0.0755555555555555
100.0 90.0 0.013703703703703647
105.0 90.0 -0.048148148148148204
110.0 90.0 -0.11000000000000006
115.0 90.0 -0.1718518518518519
115.0 90.0 -0.1718518518518519
120.0 90.0 -0.23370370370370375
125.0 90.0 -0.2955555555555556
130.0 90.0 -0.35740740740740745
135.0 90.0 -0.41925925925925933
140.0 90.0 -0.4811111111111112
140.0 90.0 -0.4811111111111112
145.0 90.0 -0.5429629629629631
150.0 90.0 -0.6048148148148149
155.0 90.0 -0.6666666666666667
160.0 90.0 -0.7285185185185186
165.0 90.0 -0.7903703703703705
165.0 90.0 -0.7903703703703705
170.0 90.0 -0.8522222222222223
175.0 90.0 -0.914074074074074
180.0 90.0 -0.975925925925926
185.0 90.0 -1.0377777777777777
190.0 90.0 -1.0996296296296297
190.0 90.0 -1.0996296296296297
195.0 90.0 -1.1614814814814816
200.0 90.0 -1.2233333333333334
205.0 90.0 -1.2851851851851852
210.0 90.0 -1.347037037037037
215.0 90.0 -1.4088888888888889
215.0 90.0 -1.4088888888888889
0.0 95.0 1.2496296296296296
5.0 95.0 1.1877777777777778
10.0 95.0 1.125925925925926
15.0 95.0 1.0640740740740742
20.0 95.0 1.0022222222222221
20.0 95.0 1.0022222222222221
25.0 95.0 0.9403703703703704
30.0 95.0 0.8785185185185184
35.0 95.0 0.8166666666666665
40.0 95.0 0.7548148148148147
45.0 95.0 0.6929629629629629
45.0 95.0 0.6929629629629629
50.0 95.0 0.631111111111111
55.0 95.0 0.5692592592592591
60.0 95.0 0.5074074074074073
65.0 95.0 0.4455555555555555
70.0 95.0 0.38370370370370366
70.0 95.0 0.38370370370370366
75.0 95.0 0.3218518518518518
80.0 95.0 0.25999999999999995
85.0 95.0 0.1981481481481481
90.0 95.0 0.13629629629629625
95.0 95.0 0.07444444444444438
95.0 95.0 0.07444444444444438
100.0 95.0 0.012592592592592534
105.0 95.0 -0.04925925925925932
110.0 95.0 -0.11111111111111117
115.0 95.0 -0.172962962962963
120.0 95.0 -0.23481481481481487
120.0 95.0 -0.23481481481481487
125.0 95.0 -0.2966666666666667
130.0 95.0 -0.35851851851851857
135.0 95.0 -0.4203703703703704
140.0 95.0 -0.48222222222222233
145.0 95.0 -0.5440740740740742
145.0 95.0 -0.5440740740740742
150.0 95.0 -0.605925925925926
155.0 95.0 -0.6677777777777779
160.0 95.0 -0.7296296296296297
165.0 95.0 -0.7914814814814816
170.0 95.0 -0.8533333333333334
170.0 95.0 -0.8533333333333334
175.0 95.0 -0.9151851851851852
180.0 95.0 -0.977037037037037
185.0 95.0 -1.038888888888889
190.0 95.0 -1.1007407407407408
195.0 95.0 -1.1625925925925926
195.0 95.0 -1.1625925925925926
200.0 95.0 -1.2244444444444444
205.0 95.0 -1.2862962962962963
210.0 95.0 -1.348148148148148
215.0 95.0 -1.41
0.0 100.0 1.2485185185185186
0.0 100.0 1.2485185185185186
5.0 100.0 1.1866666666666668
10.0 100.0 1.1248148148148147
15.0 100.0 1.0629629629629629
20.0 100.0 1.001111111111111
25.0 100.0 0.9392592592592592
25.0 100.0 0.9392592592592592
30.0 100.0 0.8774074074074073
35.0 100.0 0.8155555555555555
40.0 100.0 0.7537037037037037
45.0 100.0 0.6918518518518517
50.0 100.0 0.6299999999999999
50.0 100.0 0.6299999999999999
55.0 100.0 0.5681481481481481
60.0 100.0 0.5062962962962962
65.0 100.0 0.4444444444444444
70.0 100.0 0.38259259259259254
75.0 100.0 0.3207407407407407
75.0 100.0 0.3207407407407407
80.0 100.0 0.25888888888888884
85.0 100.0 0.19703703703703698
90.0 100.0 0.13518518518518513
95.0 100.0 0.07333333333333326
100.0 100.0 0.011481481481481419
100.0 100.0 0.011481481481481419
105.0 100.0 -0.05037037037037043
110.0 100.0 -0.11222222222222228
115.0 100.0 -0.17407407407407413
120.0 100.0 -0.23592592592592598
125.0 100.0 -0.2977777777777778
125.0 100.0 -0.2977777777777778
130.0 100.0 -0.3596296296296297
135.0 100.0 -0.4214814814814815
140.0 100.0 -0.48333333333333345
145.0 100.0 -0.5451851851851853
150.0 100.0 -0.6070370370370372
150.0 100.0 -0.6070370370370372
155.0 100.0 -0.668888888888889
160.0 100.0 -0.7307407407407408
165.0 100.0 -0.7925925925925927
170.0 100.0 -0.8544444444444446
175.0 100.0 -0.9162962962962963
175.0 100.0 -0.9162962962962963
180.0 100.0 -0.9781481481481481
185.0 100.0 -1.04
190.0 100.0 -1.1018518518518519
195.0 100.0 -1.1637037037037037
200.0 100.0 -1.2255555555555555
200.0 100.0 -1.2255555555555555
205.0 100.0 -1.2874074074074073
210.0 100.0 -1.3492592592592592
215.0 100.0 -1.4111111111111112
0.0 105.0 1.2474074074074073
5.0 105.0 1.1855555555555555
5.0 105.0 1.1855555555555555
10.0 105.0 1.1237037037037036
15.0 105.0 1.0618518518518518
20.0 105.0 1.0
25.0 105.0 0.9381481481481482
30.0 105.0 0.8762962962962962
30.0 105.0 0.8762962962962962
35.0 105.0 0.8144444444444443
40.0 105.0 0.7525925925925925
45.0 105.0 0.6907407407407407
50.0 105.0 0.6288888888888888
55.0 105.0 0.5670370370370369
55.0 105.0 0.5670370370370369
60.0 105.0 0.5051851851851851
65.0 105.0 0.4433333333333333
70.0 105.0 0.3814814814814814
75.0 105.0 0.3196296296296296
80.0 105.0 0.2577777777777777
80.0 105.0 0.2577777777777777
85.0 105.0 0.19592592592592586
90.0 105.0 0.134074074074074
95.0 105.0 0.07222222222222216
100.0 105.0 0.010370370370370304
105.0 105.0 -0.051481481481481545
105.0 105.0 -0.051481481481481545
110.0 105.0 -0.11333333333333341
115.0 105.0 -0.17518518518518525
120.0 105.0 -0.23703703703703707
125.0 105.0 -0.2988888888888889
130.0 105.0 -0.3607407407407408
130.0 105.0 -0.3607407407407408
135.0 105.0 -0.42259259259259263
140.0 105.0 -0.48444444444444457
145.0 105.0 -0.5462962962962964
150.0 105.0 -0.6081481481481482
155.0 105.0 -0.6700000000000002
155.0 105.0 -0.6700000000000002
160.0 105.0 -0.731851851851852
165.0 105.0 -0.7937037037037038
170.0 105.0 -0.8555555555555556
175.0 105.0 -0.9174074074074074
180.0 105.0 -0.9792592592592593
180.0 105.0 -0.9792592592592593
185.0 105.0 -1.041111111111111
190.0 105.0 -1.102962962962963
195.0 105.0 -1.1648148148148147
200.0 105.0 -1.2266666666666666
205.0 105.0 -1.2885185185185186
205.0 105.0 -1.2885185185185186
210.0 105.0 -1.3503703703703704
215.0 105.0 -1.4122222222222223
0.0 110.0 1.2462962962962962
5.0 110.0 1.1844444444444444
10.0 110.0 1.1225925925925926
10.0 110.0 1.1225925925925926
15.0 110.0 1.0607407407407408
20.0 110.0 0.9988888888888889
25.0 110.0 0.937037037037037
30.0 110.0 0.8751851851851851
35.0 110.0 0.8133333333333332
35.0 110.0 0.8133333333333332
40.0 110.0 0.7514814814814814
45.0 110.0 0.6896296296296295
50.0 110.0 0.6277777777777777
55.0 110.0 0.5659259259259258
60.0 110.0 0.504074074074074
60.0 110.0 0.504074074074074
65.0 110.0 0.4422222222222222
70.0 110.0 0.3803703703703703
75.0 110.0 0.3185185185185185
80.0 110.0 0.2566666666666666
85.0 110.0 0.19481481481481475
85.0 110.0 0.19481481481481475
90.0 110.0 0.1329629629629629
95.0 110.0 0.07111111111111104
100.0 110.0 0.009259259259259191
105.0 110.0 -0.05259259259259266
110.0 110.0 -0.11444444444444452
110.0 110.0 -0.11444444444444452
115.0 110.0 -0.17629629629629637
120.0 110.0 -0.2381481481481482
125.0 110.0 -0.30000000000000004
130.0 110.0 -0.3618518518518519
135.0 110.0 -0.42370370370370375
135.0 110.0 -0.42370370370370375
140.0 110.0 -0.48555555555555563
145.0 110.0 -0.5474074074074075
150.0 110.0 -0.6092592592592594
155.0 110.0 -0.6711111111111112
160.0 110.0 -0.732962962962963
160.0 110.0 -0.732962962962963
165.0 110.0 -0.7948148148148149
170.0 110.0 -0.8566666666666668
175.0 110.0 -0.9185185185185185
180.0 110.0 -0.9803703703703703
185.0 110.0 -1.0422222222222222
185.0 110.0 -1.0422222222222222
190.0 110.0 -1.104074074074074
195.0 110.0 -1.165925925925926
200.0 110.0 -1.2277777777777779
205.0 110.0 -1.2896296296296297
210.0 110.0 -1.3514814814814815
210.0 110.0 -1.3514814814814815
215.0 110.0 -1.4133333333333333
0.0 115.0 1.2451851851851852
5.0 115.0 1.1833333333333333
10.0 115.0 1.1214814814814815
15.0 115.0 1.0596296296296297
15.0 115.0 1.0596296296296297
20.0 115.0 0.9977777777777778
25.0 115.0 0.9359259259259259
30.0 115.0 0.874074074074074
35.0 115.0 0.8122222222222221
40.0 115.0 0.7503703703703702
40.0 115.0 0.7503703703703702
45.0 115.0 0.6885185185185184
50.0 115.0 0.6266666666666666
55.0 115.0 0.5648148148148148
60.0 115.0 0.5029629629629628
65.0 115.0 0.44111111111111106
65.0 115.0 0.44111111111111106
70.0 115.0 0.3792592592592592
75.0 115.0 0.31740740740740736
80.0 115.0 0.2555555555555555
85.0 115.0 0.19370370370370363
90.0 115.0 0.13185185185185178
90.0 115.0 0.13185185185185178
95.0 115.0 0.06999999999999992
100.0 115.0 0.008148148148148076
105.0 115.0 -0.05370370370370378
110.0 115.0 -0.11555555555555563
115.0 115.0 -0.17740740740740749
115.0 115.0 -0.17740740740740749
120.0 115.0 -0.2392592592592593
125.0 115.0 -0.30111111111111116
130.0 115.0 -0.362962962962963
135.0 115.0 -0.42481481481481487
140.0 115.0 -0.48666666666666675
140.0 115.0 -0.48666666666666675
145.0 115.0 -0.5485185185185186
150.0 115.0 -0.6103703703703705
155.0 115.0 -0.6722222222222223
160.0 115.0 -0.7340740740740742
165.0 115.0 -0.795925925925926
165.0 115.0 -0.795925925925926
170.0 115.0 -0.8577777777777779
175.0 115.0 -0.9196296296296296
180.0 115.0 -0.9814814814814815
185.0 115.0 -1.0433333333333332
190.0 115.0 -1.1051851851851853
190.0 115.0 -1.1051851851851853
195.0 115.0 -1.167037037037037
200.0 115.0 -1.228888888888889
205.0 115.0 -1.2907407407407407
210.0 115.0 -1.3525925925925926
215.0 115.0 -1.4144444444444444
215.0 115.0 -1.4144444444444444
0.0 120.0 1.244074074074074
5.0 120.0 1.1822222222222223
10.0 120.0 1.1203703703703705
15.0 120.0 1.0585185185185184
20.0 120.0 0.9966666666666667
20.0 120.0 0.9966666666666667
25.0 120.0 0.9348148148148148
30.0 120.0 0.8729629629629628
35.0 120.0 0.811111111111111
40.0 120.0 0.7492592592592592
45.0 120.0 0.6874074074074074
45.0 120.0 0.6874074074074074
50.0 120.0 0.6255555555555554
55.0 120.0 0.5637037037037036
60.0 120.0 0.5018518518518518
65.0 120.0 0.4399999999999999
70.0 120.0 0.37814814814814807
70.0 120.0 0.37814814814814807
75.0 120.0 0.3162962962962962
80.0 120.0 0.25444444444444436
85.0 120.0 0.1925925925925925
90.0 120.0 0.13074074074074066
95.0 120.0 0.06888888888888882
95.0 120.0 0.06888888888888882
100.0 120.0 0.007037037037036962
105.0 120.0 -0.05481481481481489
110.0 120.0 -0.11666666666666674
115.0 120.0 -0.1785185185185186
120.0 120.0 -0.24037037037037046
120.0 120.0 -0.24037037037037046
125.0 120.0 -0.30222222222222234
130.0 120.0 -0.36407407407407416
135.0 120.0 -0.42592592592592604
140.0 120.0 -0.48777777777777787
145.0 120.0 -0.5496296296296297
145.0 120.0 -0.5496296296296297
150.0 120.0 -0.6114814814814816
155.0 120.0 -0.6733333333333335
160.0 120.0 -0.7351851851851853
165.0 120.0 -0.7970370370370371
170.0 120.0 -0.858888888888889
170.0 120.0 -0.858888888888889
175.0 120.0 -0.9207407407407407
180.0 120.0 -0.9825925925925926
185.0 120.0 -1.0444444444444445
190.0 120.0 -1.1062962962962963
195.0 120.0 -1.1681481481481482
195.0 120.0 -1.1681481481481482
200.0 120.0 -1.23
205.0 120.0 -1.2918518518518518
210.0 120.0 -1.3537037037037036
215.0 120.0 -1.4155555555555555
0.0 125.0 1.242962962962963
0.0 125.0 1.242962962962963
5.0 125.0 1.181111111111111
10.0 125.0 1.1192592592592592
15.0 125.0 1.0574074074074074
20.0 125.0 0.9955555555555555
25.0 125.0 0.9337037037037037
25.0 125.0 0.9337037037037037
30.0 125.0 0.8718518518518518
35.0 125.0 0.8099999999999999
40.0 125.0 0.748148148148148
45.0 125.0 0.6862962962962962
50.0 125.0 0.6244444444444444
50.0 125.0 0.6244444444444444
55.0 125.0 0.5625925925925925
60.0 125.0 0.5007407407407406
65.0 125.0 0.4388888888888888
70.0 125.0 0.37703703703703695
75.0 125.0 0.31518518518518507
75.0 125.0 0.31518518518518507
80.0 125.0 0.25333333333333324
85.0 125.0 0.19148148148148142
90.0 125.0 0.12962962962962957
95.0 125.0 0.0677777777777777
100.0 125.0 0.005925925925925848
100.0 125.0 0.005925925925925848
105.0 125.0 -0.055925925925926004
110.0 125.0 -0.11777777777777786
115.0 125.0 -0.1796296296296297
120.0 125.0 -0.24148148148148157
125.0 125.0 -0.30333333333333345
125.0 125.0 -0.30333333333333345
130.0 125.0 -0.3651851851851853
135.0 125.0 -0.42703703703703716
140.0 125.0 -0.488888888888889
145.0 125.0 -0.5507407407407409
150.0 125.0 -0.6125925925925927
150.0 125.0 -0.6125925925925927
155.0 125.0 -0.6744444444444445
160.0 125.0 -0.7362962962962964
165.0 125.0 -0.7981481481481483
170.0 125.0 -0.8600000000000001
175.0 125.0 -0.9218518518518518
175.0 125.0 -0.9218518518518518
180.0 125.0 -0.9837037037037037
185.0 125.0 -1.0455555555555556
190.0 125.0 -1.1074074074074074
195.0 125.0 -1.1692592592592592
200.0 125.0 -1.231111111111111
200.0 125.0 -1.231111111111111
205.0 125.0 -1.2929629629629629
210.0 125.0 -1.354814814814815
215.0 125.0 -1.4166666666666667
0.0 130.0 1.2418518518518518
5.0 130.0 1.18
5.0 130.0 1.18
10.0 130.0 1.1181481481481481
15.0 130.0 1.0562962962962963
20.0 130.0 0.9944444444444445
25.0 130.0 0.9325925925925926
30.0 130.0 0.8707407407407406
30.0 130.0 0.8707407407407406
35.0 130.0 0.8088888888888888
40.0 130.0 0.7470370370370369
45.0 130.0 0.6851851851851851
50.0 130.0 0.6233333333333332
55.0 130.0 0.5614814814814814
55.0 130.0 0.5614814814814814
60.0 130.0 0.49962962962962953
65.0 130.0 0.43777777777777765
70.0 130.0 0.37592592592592583
75.0 130.0 0.31407407407407395
80.0 130.0 0.2522222222222221
80.0 130.0 0.2522222222222221
85.0 130.0 0.1903703703703703
90.0 130.0 0.12851851851851845
95.0 130.0 0.0666666666666666
100.0 130.0 0.004814814814814734
105.0 130.0 -0.057037037037037115
105.0 130.0 -0.057037037037037115
110.0 130.0 -0.11888888888888896
115.0 130.0 -0.1807407407407408
120.0 130.0 -0.2425925925925927
125.0 130.0 -0.3044444444444445
130.0 130.0 -0.3662962962962964
130.0 130.0 -0.3662962962962964
135.0 130.0 -0.4281481481481482
140.0 130.0 -0.4900000000000001
145.0 130.0 -0.5518518518518519
150.0 130.0 -0.6137037037037038
155.0 130.0 -0.6755555555555557
155.0 130.0 -0.6755555555555557
160.0 130.0 -0.7374074074074075
165.0 130.0 -0.7992592592592593
170.0 130.0 -0.8611111111111112
175.0 130.0 -0.922962962962963
180.0 130.0 -0.9848148148148148
180.0 130.0 -0.9848148148148148
185.0 130.0 -1.0466666666666666
190.0 130.0 -1.1085185185185185
195.0 130.0 -1.1703703703703703
200.0 130.0 -1.2322222222222223
205.0 130.0 -1.2940740740740742
205.0 130.0 -1.2940740740740742
210.0 130.0 -1.355925925925926
215.0 130.0 -1.4177777777777778
0.0 135.0 1.2407407407407407
5.0 135.0 1.1788888888888889
10.0 135.0 1.117037037037037
10.0 135.0 1.117037037037037
15.0 135.0 1.0551851851851852
20.0 135.0 0.9933333333333333
25.0 135.0 0.9314814814814815
30.0 135.0 0.8696296296296295
35.0 135.0 0.8077777777777777
35.0 135.0 0.8077777777777777
40.0 135.0 0.7459259259259259
45.0 135.0 0.684074074074074
50.0 135.0 0.6222222222222221
55.0 135.0 0.5603703703703703
60.0 135.0 0.4985185185185184
60.0 135.0 0.4985185185185184
65.0 135.0 0.4366666666666666
70.0 135.0 0.3748148148148147
75.0 135.0 0.3129629629629629
80.0 135.0 0.251111111111111
85.0 135.0 0.18925925925925915
85.0 135.0 0.18925925925925915
90.0 135.0 0.1274074074074073
95.0 135.0 0.06555555555555546
100.0 135.0 0.0037037037037036162
105.0 135.0 -0.05814814814814823
110.0 135.0 -0.1200000000000001
110.0 135.0 -0.1200000000000001
115.0 135.0 -0.18185185185185196
120.0 135.0 -0.2437037037037038
125.0 135.0 -0.30555555555555564
130.0 135.0 -0.3674074074074075
135.0 135.0 -0.42925925925925934
135.0 135.0 -0.42925925925925934
140.0 135.0 -0.4911111111111112
145.0 135.0 -0.5529629629629631
150.0 135.0 -0.6148148148148149
155.0 135.0 -0.6766666666666667
160.0 135.0 -0.7385185185185186
160.0 135.0 -0.7385185185185186
165.0 135.0 -0.8003703703703705
170.0 135.0 -0.8622222222222223
175.0 135.0 -0.924074074074074
180.0 135.0 -0.9859259259259259
185.0 135.0 -1.0477777777777777
185.0 135.0 -1.0477777777777777
190.0 135.0 -1.1096296296296295
195.0 135.0 -1.1714814814814816
200.0 135.0 -1.2333333333333334
205.0 135.0 -1.2951851851851852
210.0 135.0 -1.357037037037037
210.0 135.0 -1.357037037037037
215.0 135.0 -1.4188888888888889
0.0 140.0 1.2396296296296296
5.0 140.0 1.1777777777777778
10.0 140.0 1.115925925925926
15.0 140.0 1.0540740740740742
15.0 140.0 1.0540740740740742
20.0 140.0 0.9922222222222222
25.0 140.0 0.9303703703703704
30.0 140.0 0.8685185185185185
35.0 140.0 0.8066666666666665
40.0 140.0 0.7448148148148147
40.0 140.0 0.7448148148148147
45.0 140.0 0.6829629629629629
50.0 140.0 0.6211111111111111
55.0 140.0 0.5592592592592591
60.0 140.0 0.4974074074074073
65.0 140.0 0.4355555555555555
65.0 140.0 0.4355555555555555
70.0 140.0 0.3737037037037036
75.0 140.0 0.31185185185185177
80.0 140.0 0.2499999999999999
85.0 140.0 0.18814814814814804
90.0 140.0 0.12629629629629618
90.0 140.0 0.12629629629629618
95.0 140.0 0.06444444444444436
100.0 140.0 0.0025925925925925053
105.0 140.0 -0.059259259259259345
110.0 140.0 -0.12111111111111121
115.0 140.0 -0.18296296296296305
115.0 140.0 -0.18296296296296305
120.0 140.0 -0.2448148148148149
125.0 140.0 -0.30666666666666675
130.0 140.0 -0.36851851851851863
135.0 140.0 -0.43037037037037046
140.0 140.0 -0.49222222222222234
140.0 140.0 -0.49222222222222234
145.0 140.0 -0.5540740740740742
150.0 140.0 -0.615925925925926
155.0 140.0 -0.6777777777777779
160.0 140.0 -0.7396296296296297
165.0 140.0 -0.8014814814814816
165.0 140.0 -0.8014814814814816
170.0 140.0 -0.8633333333333334
175.0 140.0 -0.9251851851851852
180.0 140.0 -0.987037037037037
185.0 140.0 -1.048888888888889
190.0 140.0 -1.1107407407407408
190.0 140.0 -1.1107407407407408
195.0 140.0 -1.1725925925925926
200.0 140.0 -1.2344444444444445
205.0 140.0 -1.2962962962962963
210.0 140.0 -1.358148148148148
215.0 140.0 -1.42
215.0 140.0 -1.42
0.0 145.0 1.2385185185185186
5.0 145.0 1.1766666666666667
10.0 145.0 1.114814814814815
15.0 145.0 1.0529629629629629
20.0 145.0 0.9911111111111112
20.0 145.0 0.9911111111111112
25.0 145.0 0.9292592592592592
30.0 145.0 0.8674074074074073
35.0 145.0 0.8055555555555555
40.0 145.0 0.7437037037037036
45.0 145.0 0.6818518518518517
45.0 145.0 0.6818518518518517
50.0 145.0 0.6199999999999999
55.0 145.0 0.5581481481481481
60.0 145.0 0.4962962962962962
65.0 145.0 0.43444444444444436
70.0 145.0 0.3725925925925925
70.0 145.0 0.3725925925925925
75.0 145.0 0.31074074074074065
80.0 145.0 0.2488888888888888
85.0 145.0 0.18703703703703695
90.0 145.0 0.1251851851851851
95.0 145.0 0.06333333333333324
95.0 145.0 0.06333333333333324
100.0 145.0 0.0014814814814813942
105.0 145.0 -0.060370370370370456
110.0 145.0 -0.12222222222222232
115.0 145.0 -0.18407407407407417
120.0 145.0 -0.24592592592592602
120.0 145.0 -0.24592592592592602
125.0 145.0 -0.3077777777777779
130.0 145.0 -0.36962962962962975
135.0 145.0 -0.4314814814814816
140.0 145.0 -0.49333333333333346
145.0 145.0 -0.5551851851851853
145.0 145.0 -0.5551851851851853
150.0 145.0 -0.6170370370370372
155.0 145.0 -0.678888888888889
160.0 145.0 -0.7407407407407408
165.0 145.0 -0.8025925925925927
170.0 145.0 -0.8644444444444446
170.0 145.0 -0.8644444444444446
175.0 145.0 -0.9262962962962963
180.0 145.0 -0.9881481481481481
185.0 145.0 -1.05
190.0 145.0 -1.1118518518518519
195.0 145.0 -1.1737037037037037
195.0 145.0 -1.1737037037037037
200.0 145.0 -1.2355555555555555
205.0 145.0 -1.2974074074074073
210.0 145.0 -1.3592592592592592
215.0 145.0 -1.4211111111111112
0.0 150.0 1.2374074074074075
0.0 150.0 1.2374074074074075
5.0 150.0 1.1755555555555555
10.0 150.0 1.1137037037037036
15.0 150.0 1.0518518518518518
20.0 150.0 0.99
25.0 150.0 0.9281481481481482
25.0 150.0 0.9281481481481482
30.0 150.0 0.8662962962962962
35.0 150.0 0.8044444444444443
40.0 150.0 0.7425925925925925
45.0 150.0 0.6807407407407406
50.0 150.0 0.6188888888888888
50.0 150.0 0.6188888888888888
55.0 150.0 0.5570370370370369
60.0 150.0 0.49518518518518506
65.0 150.0 0.43333333333333324
70.0 150.0 0.37148148148148136
75.0 150.0 0.30962962962962953
75.0 150.0 0.30962962962962953
80.0 150.0 0.24777777777777768
85.0 150.0 0.18592592592592583
90.0 150.0 0.12407407407407398
95.0 150.0 0.06222222222222212
100.0 150.0 0.0003703703703702768
100.0 150.0 0.0003703703703702768
105.0 150.0 -0.06148148148148158
110.0 150.0 -0.12333333333333343
115.0 150.0 -0.18518518518518529
120.0 150.0 -0.24703703703703714
125.0 150.0 -0.308888888888889
125.0 150.0 -0.308888888888889
130.0 150.0 -0.3707407407407408
135.0 150.0 -0.4325925925925927
140.0 150.0 -0.4944444444444445
145.0 150.0 -0.5562962962962964
150.0 150.0 -0.6181481481481482
150.0 150.0 -0.6181481481481482
155.0 150.0 -0.68
160.0 150.0 -0.741851851851852
165.0 150.0 -0.8037037037037038
170.0 150.0 -0.8655555555555556
175.0 150.0 -0.9274074074074075
175.0 150.0 -0.9274074074074075
180.0 150.0 -0.9892592592592593
185.0 150.0 -1.051111111111111
190.0 150.0 -1.112962962962963
195.0 150.0 -1.1748148148148148
200.0 150.0 -1.2366666666666666
200.0 150.0 -1.2366666666666666
205.0 150.0 -1.2985185185185186
210.0 150.0 -1.3603703703703705
215.0 150.0 -1.4222222222222223
0.0 155.0 1.2362962962962962
5.0 155.0 1.1744444444444444
5.0 155.0 1.1744444444444444
10.0 155.0 1.1125925925925926
15.0 155.0 1.0507407407407408
20.0 155.0 0.9888888888888889
25.0 155.0 0.927037037037037
30.0 155.0 0.8651851851851851
30.0 155.0 0.8651851851851851
35.0 155.0 0.8033333333333332
40.0 155.0 0.7414814814814814
45.0 155.0 0.6796296296296296
50.0 155.0 0.6177777777777776
55.0 155.0 0.5559259259259258
55.0 155.0 0.5559259259259258
60.0 155.0 0.494074074074074
65.0 155.0 0.4322222222222221
70.0 155.0 0.3703703703703703
75.0 155.0 0.3085185185185184
80.0 155.0 0.24666666666666656
80.0 155.0 0.24666666666666656
85.0 155.0 0.1848148148148147
90.0 155.0 0.12296296296296286
95.0 155.0 0.06111111111111101
100.0 155.0 -0.0007407407407408406
105.0 155.0 -0.06259259259259269
105.0 155.0 -0.06259259259259269
110.0 155.0 -0.12444444444444454
115.0 155.0 -0.1862962962962964
120.0 155.0 -0.24814814814814826
125.0 155.0 -0.3100000000000001
130.0 155.0 -0.37185185185185193
130.0 155.0 -0.37185185185185193
135.0 155.0 -0.4337037037037038
140.0 155.0 -0.49555555555555564
145.0 155.0 -0.5574074074074075
150.0 155.0 -0.6192592592592594
155.0 155.0 -0.6811111111111112
155.0 155.0 -0.6811111111111112
160.0 155.0 -0.742962962962963
165.0 155.0 -0.8048148148148149
170.0 155.0 -0.8666666666666668
175.0 155.0 -0.9285185185185185
180.0 155.0 -0.9903703703703703
180.0 155.0 -0.9903703703703703
185.0 155.0 -1.0522222222222222
190.0 155.0 -1.114074074074074
195.0 155.0 -1.1759259259259258
200.0 155.0 -1.2377777777777779
205.0 155.0 -1.2996296296296297
205.0 155.0 -1.2996296296296297
210.0 155.0 -1.3614814814814815
215.0 155.0 -1.4233333333333333
0.0 160.0 1.2351851851851852
5.0 160.0 1.1733333333333333
10.0 160.0 1.1114814814814815
10.0 160.0 1.1114814814814815
15.0 160.0 1.0496296296296297
20.0 160.0 0.9877777777777778
25.0 160.0 0.9259259259259259
30.0 160.0 0.864074074074074
35.0 160.0 0.8022222222222222
35.0 160.0 0.8022222222222222
40.0 160.0 0.7403703703703702
45.0 160.0 0.6785185185185184
50.0 160.0 0.6166666666666666
55.0 160.0 0.5548148148148148
60.0 160.0 0.4929629629629629
60.0 160.0 0.4929629629629629
65.0 160.0 0.431111111111111
70.0 160.0 0.3692592592592592
75.0 160.0 0.3074074074074073
80.0 160.0 0.24555555555555544
85.0 160.0 0.1837037037037036
85.0 160.0 0.1837037037037036
90.0 160.0 0.12185185185185175
95.0 160.0 0.0599999999999999
100.0 160.0 -0.0018518518518519517
105.0 160.0 -0.0637037037037038
110.0 160.0 -0.12555555555555564
110.0 160.0 -0.12555555555555564
115.0 160.0 -0.1874074074074075
120.0 160.0 -0.24925925925925935
125.0 160.0 -0.3111111111111112
130.0 160.0 -0.37296296296296305
135.0 160.0 -0.43481481481481493
135.0 160.0 -0.43481481481481493
140.0 160.0 -0.49666666666666676
145.0 160.0 -0.5585185185185186
150.0 160.0 -0.6203703703703705
155.0 160.0 -0.6822222222222223
160.0 160.0 -0.7440740740740742
160.0 160.0 -0.7440740740740742
165.0 160.0 -0.805925925925926
170.0 160.0 -0.8677777777777779
175.0 160.0 -0.9296296296296296
180.0 160.0 -0.9914814814814815
185.0 160.0 -1.0533333333333332
185.0 160.0 -1.0533333333333332
190.0 160.0 -1.1151851851851853
195.0 160.0 -1.177037037037037
200.0 160.0 -1.238888888888889
205.0 160.0 -1.3007407407407408
210.0 160.0 -1.3625925925925926
210.0 160.0 -1.3625925925925926
215.0 160.0 -1.4244444444444444
0.0 165.0 1.234074074074074
5.0 165.0 1.1722222222222223
10.0 165.0 1.1103703703703705
15.0 165.0 1.0485185185185186
15.0 165.0 1.0485185185185186
20.0 165.0 0.9866666666666667
25.0 165.0 0.9248148148148149
30.0 165.0 0.8629629629629628
35.0 165.0 0.801111111111111
40.0 165.0 0.7392592592592592
40.0 165.0 0.7392592592592592
45.0 165.0 0.6774074074074073
50.0 165.0 0.6155555555555554
55.0 165.0 0.5537037037037036
60.0 165.0 0.49185185185185176
65.0 165.0 0.4299999999999999
65.0 165.0 0.4299999999999999
70.0 165.0 0.36814814814814806
75.0 165.0 0.3062962962962962
80.0 165.0 0.24444444444444435
85.0 165.0 0.1825925925925925
90.0 165.0 0.12074074074074063
90.0 165.0 0.12074074074074063
95.0 165.0 0.05888888888888879
100.0 165.0 -0.0029629629629630626
105.0 165.0 -0.06481481481481491
110.0 165.0 -0.12666666666666676
115.0 165.0 -0.1885185185185186
115.0 165.0 -0.1885185185185186
120.0 165.0 -0.25037037037037047
125.0 165.0 -0.31222222222222235
130.0 165.0 -0.37407407407407417
135.0 165.0 -0.43592592592592605
140.0 165.0 -0.4977777777777779
140.0 165.0 -0.4977777777777779
145.0 165.0 -0.5596296296296297
150.0 165.0 -0.6214814814814816
155.0 165.0 -0.6833333333333335
160.0 165.0 -0.7451851851851853
165.0 165.0 -0.8070370370370371
165.0 165.0 -0.8070370370370371
170.0 165.0 -0.868888888888889
175.0 165.0 -0.9307407407407408
180.0 165.0 -0.9925925925925926
185.0 165.0 -1.0544444444444445
190.0 165.0 -1.1162962962962963
190.0 165.0 -1.1162962962962963
195.0 165.0 -1.1781481481481482
200.0 165.0 -1.24
205.0 165.0 -1.3018518518518518
210.0 165.0 -1.3637037037037036
215.0 165.0 -1.4255555555555555
215.0 165.0 -1.4255555555555555
0.0 170.0 1.2329629629629628
5.0 170.0 1.171111111111111
10.0 170.0 1.1092592592592592
15.0 170.0 1.0474074074074071
20.0 170.0 0.9855555555555554
20.0 170.0 0.9855555555555554
25.0 170.0 0.9237037037037035
30.0 170.0 0.8618518518518518
35.0 170.0 0.7999999999999999
40.0 170.0 0.738148148148148
45.0 170.0 0.6762962962962962
45.0 170.0 0.6762962962962962
50.0 170.0 0.6144444444444443
55.0 170.0 0.5525925925925925
60.0 170.0 0.49074074074074064
65.0 170.0 0.42888888888888876
70.0 170.0 0.36703703703703694
70.0 170.0 0.36703703703703694
75.0 170.0 0.30518518518518506
80.0 170.0 0.24333333333333323
85.0 170.0 0.18148148148148138
90.0 170.0 0.11962962962962953
95.0 170.0 0.05777777777777768
95.0 170.0 0.05777777777777768
100.0 170.0 -0.00407407407407418
105.0 170.0 -0.06592592592592603
110.0 170.0 -0.12777777777777788
115.0 170.0 -0.18962962962962973
120.0 170.0 -0.2514814814814816
120.0 170.0 -0.2514814814814816
125.0 170.0 -0.3133333333333334
130.0 170.0 -0.3751851851851853
135.0 170.0 -0.4370370370370371
140.0 170.0 -0.498888888888889
145.0 170.0 -0.5607407407407409
145.0 170.0 -0.5607407407407409
150.0 170.0 -0.6225925925925927
155.0 170.0 -0.6844444444444445
160.0 170.0 -0.7462962962962963
165.0 170.0 -0.8081481481481483
170.0 170.0 -0.8700000000000001
170.0 170.0 -0.8700000000000001
175.0 170.0 -0.931851851851852
180.0 170.0 -0.9937037037037039
185.0 170.0 -1.0555555555555558
190.0 170.0 -1.1174074074074076
195.0 170.0 -1.1792592592592595
195.0 170.0 -1.1792592592592595
200.0 170.0 -1.2411111111111113
205.0 170.0 -1.302962962962963
210.0 170.0 -1.364814814814815
215.0 170.0 -1.426666666666667
0.0 175.0 1.2318518518518518
0.0 175.0 1.2318518518518518
5.0 175.0 1.1699999999999997
10.0 175.0 1.1081481481481479
15.0 175.0 1.046296296296296
20.0 175.0 0.9844444444444442
25.0 175.0 0.9225925925925924
25.0 175.0 0.9225925925925924
30.0 175.0 0.8607407407407407
35.0 175.0 0.7988888888888888
40.0 175.0 0.7370370370370369
45.0 175.0 0.6751851851851851
50.0 175.0 0.6133333333333333
50.0 175.0 0.6133333333333333
55.0 175.0 0.5514814814814814
60.0 175.0 0.4896296296296295
65.0 175.0 0.4277777777777777
70.0 175.0 0.3659259259259258
75.0 175.0 0.304074074074074
75.0 175.0 0.304074074074074
80.0 175.0 0.24222222222222212
85.0 175.0 0.18037037037037026
90.0 175.0 0.11851851851851841
95.0 175.0 0.05666666666666655
100.0 175.0 -0.005185185185185298
100.0 175.0 -0.005185185185185298
105.0 175.0 -0.06703703703703714
110.0 175.0 -0.128888888888889
115.0 175.0 -0.19074074074074085
120.0 175.0 -0.2525925925925927
125.0 175.0 -0.3144444444444445
125.0 175.0 -0.3144444444444445
130.0 175.0 -0.3762962962962964
135.0 175.0 -0.43814814814814823
140.0 175.0 -0.5000000000000001
145.0 175.0 -0.5618518518518519
150.0 175.0 -0.6237037037037038
150.0 175.0 -0.6237037037037038
155.0 175.0 -0.6855555555555557
160.0 175.0 -0.7474074074074075
165.0 175.0 -0.8092592592592593
170.0 175.0 -0.8711111111111112
175.0 175.0 -0.9329629629629632
175.0 175.0 -0.9329629629629632
180.0 175.0 -0.994814814814815
185.0 175.0 -1.0566666666666669
190.0 175.0 -1.1185185185185187
195.0 175.0 -1.1803703703703705
200.0 175.0 -1.2422222222222223
200.0 175.0 -1.2422222222222223
205.0 175.0 -1.3040740740740742
210.0 175.0 -1.3659259259259262
215.0 175.0 -1.427777777777778
0.0 180.0 1.2307407407407405
5.0 180.0 1.1688888888888886
5.0 180.0 1.1688888888888886
10.0 180.0 1.1070370370370368
15.0 180.0 1.045185185185185
20.0 180.0 0.9833333333333332
25.0 180.0 0.9214814814814812
30.0 180.0 0.8596296296296295
30.0 180.0 0.8596296296296295
35.0 180.0 0.7977777777777777
40.0 180.0 0.7359259259259259
45.0 180.0 0.6740740740740739
50.0 180.0 0.6122222222222221
55.0 180.0 0.5503703703703703
55.0 180.0 0.5503703703703703
60.0 180.0 0.4885185185185184
65.0 180.0 0.4266666666666666
70.0 180.0 0.3648148148148147
75.0 180.0 0.3029629629629629
80.0 180.0 0.241111111111111
80.0 180.0 0.241111111111111
85.0 180.0 0.17925925925925915
90.0 180.0 0.11740740740740731
95.0 180.0 0.05555555555555544
100.0 180.0 -0.006296296296296408
105.0 180.0 -0.06814814814814826
105.0 180.0 -0.06814814814814826
110.0 180.0 -0.1300000000000001
115.0 180.0 -0.19185185185185194
120.0 180.0 -0.2537037037037038
125.0 180.0 -0.31555555555555564
130.0 180.0 -0.3774074074074075
130.0 180.0 -0.3774074074074075
135.0 180.0 -0.43925925925925935
140.0 180.0 -0.5011111111111112
145.0 180.0 -0.5629629629629631
150.0 180.0 -0.6248148148148149
155.0 180.0 -0.6866666666666668
155.0 180.0 -0.6866666666666668
160.0 180.0 -0.7485185185185186
165.0 180.0 -0.8103703703703705
170.0 180.0 -0.8722222222222223
175.0 180.0 -0.9340740740740743
180.0 180.0 -0.9959259259259261
180.0 180.0 -0.9959259259259261
185.0 180.0 -1.057777777777778
190.0 180.0 -1.1196296296296298
195.0 180.0 -1.1814814814814816
200.0 180.0 -1.2433333333333336
205.0 180.0 -1.3051851851851854
205.0 180.0 -1.3051851851851854
210.0 180.0 -1.3670370370370373
215.0 180.0 -1.428888888888889
0.0 185.0 1.2296296296296294
5.0 185.0 1.1677777777777776
10.0 185.0 1.1059259259259258
10.0 185.0 1.1059259259259258
15.0 185.0 1.044074074074074
20.0 185.0 0.982222222222222
25.0 185.0 0.9203703703703702
30.0 185.0 0.8585185185185185
35.0 185.0 0.7966666666666665
35.0 185.0 0.7966666666666665
40.0 185.0 0.7348148148148147
45.0 185.0 0.6729629629629629
50.0 185.0 0.611111111111111
55.0 185.0 0.5492592592592591
60.0 185.0 0.4874074074074073
60.0 185.0 0.4874074074074073
65.0 185.0 0.42555555555555546
70.0 185.0 0.3637037037037036
75.0 185.0 0.30185185185185176
80.0 185.0 0.2399999999999999
85.0 185.0 0.17814814814814806
85.0 185.0 0.17814814814814806
90.0 185.0 0.1162962962962962
95.0 185.0 0.05444444444444433
100.0 185.0 -0.00740740740740752
105.0 185.0 -0.06925925925925937
110.0 185.0 -0.1311111111111112
110.0 185.0 -0.1311111111111112
115.0 185.0 -0.19296296296296306
120.0 185.0 -0.25481481481481494
125.0 185.0 -0.31666666666666676
130.0 185.0 -0.37851851851851864
135.0 185.0 -0.44037037037037047
135.0 185.0 -0.44037037037037047
140.0 185.0 -0.5022222222222223
145.0 185.0 -0.5640740740740742
150.0 185.0 -0.625925925925926
155.0 185.0 -0.6877777777777779
160.0 185.0 -0.7496296296296298
160.0 185.0 -0.7496296296296298
165.0 185.0 -0.8114814814814816
170.0 185.0 -0.8733333333333334
175.0 185.0 -0.9351851851851853
180.0 185.0 -0.9970370370370373
185.0 185.0 -1.058888888888889
185.0 185.0 -1.058888888888889
190.0 185.0 -1.120740740740741
195.0 185.0 -1.1825925925925929
200.0 185.0 -1.2444444444444447
205.0 185.0 -1.3062962962962965
210.0 185.0 -1.3681481481481483
210.0 185.0 -1.3681481481481483
215.0 185.0 -1.4300000000000002
0.0 190.0 1.2285185185185183
5.0 190.0 1.1666666666666665
10.0 190.0 1.1048148148148147
15.0 190.0 1.0429629629629629
15.0 190.0 1.0429629629629629
20.0 190.0 0.9811111111111109
25.0 190.0 0.9192592592592591
30.0 190.0 0.8574074074074073
35.0 190.0 0.7955555555555555
40.0 190.0 0.7337037037037036
40.0 190.0 0.7337037037037036
45.0 190.0 0.6718518518518517
50.0 190.0 0.6099999999999999
55.0 190.0 0.548148148148148
60.0 190.0 0.48629629629629617
65.0 190.0 0.42444444444444435
65.0 190.0 0.42444444444444435
70.0 190.0 0.36259259259259247
75.0 190.0 0.30074074074074064
80.0 190.0 0.2388888888888888
85.0 190.0 0.1770370370370369
90.0 190.0 0.11518518518518506
90.0 190.0 0.11518518518518506
95.0 190.0 0.05333333333333321
100.0 190.0 -0.008518518518518637
105.0 190.0 -0.0703703703703705
110.0 190.0 -0.13222222222222235
115.0 190.0 -0.1940740740740742
115.0 190.0 -0.1940740740740742
120.0 190.0 -0.255925925925926
125.0 190.0 -0.3177777777777779
130.0 190.0 -0.3796296296296297
135.0 190.0 -0.4414814814814816
140.0 190.0 -0.5033333333333334
140.0 190.0 -0.5033333333333334
145.0 190.0 -0.5651851851851852
150.0 190.0 -0.6270370370370372
155.0 190.0 -0.688888888888889
160.0 190.0 -0.7507407407407408
165.0 190.0 -0.8125925925925926
165.0 190.0 -0.8125925925925926
170.0 190.0 -0.8744444444444446
175.0 190.0 -0.9362962962962965
180.0 190.0 -0.9981481481481483
185.0 190.0 -1.0600000000000003
190.0 190.0 -1.121851851851852
190.0 190.0 -1.121851851851852
195.0 190.0 -1.183703703703704
200.0 190.0 -1.2455555555555557
205.0 190.0 -1.3074074074074076
210.0 190.0 -1.3692592592592594
215.0 190.0 -1.4311111111111112
215.0 190.0 -1.4311111111111112
0.0 195.0 1.2274074074074073
5.0 195.0 1.1655555555555555
10.0 195.0 1.1037037037037034
15.0 195.0 1.0418518518518516
20.0 195.0 0.9799999999999998
20.0 195.0 0.9799999999999998
25.0 195.0 0.9181481481481479
30.0 195.0 0.8562962962962962
35.0 195.0 0.7944444444444444
40.0 195.0 0.7325925925925925
45.0 195.0 0.6707407407407406
45.0 195.0 0.6707407407407406
50.0 195.0 0.6088888888888888
55.0 195.0 0.547037037037037
60.0 195.0 0.4851851851851851
65.0 195.0 0.42333333333333323
70.0 195.0 0.3614814814814814
70.0 195.0 0.3614814814814814
75.0 195.0 0.2996296296296295
80.0 195.0 0.23777777777777767
85.0 195.0 0.1759259259259258
90.0 195.0 0.11407407407407395
95.0 195.0 0.0522222222222221
95.0 195.0 0.0522222222222221
100.0 195.0 -0.009629629629629755
105.0 195.0 -0.0714814814814816
110.0 195.0 -0.13333333333333347
115.0 195.0 -0.19518518518518532
120.0 195.0 -0.2570370370370371
120.0 195.0 -0.2570370370370371
125.0 195.0 -0.318888888888889
130.0 195.0 -0.3807407407407408
135.0 195.0 -0.4425925925925927
140.0 195.0 -0.5044444444444446
145.0 195.0 -0.5662962962962964
145.0 195.0 -0.5662962962962964
150.0 195.0 -0.6281481481481482
155.0 195.0 -0.6900000000000001
160.0 195.0 -0.751851851851852
165.0 195.0 -0.8137037037037038
170.0 195.0 -0.8755555555555556
170.0 195.0 -0.8755555555555556
175.0 195.0 -0.9374074074074076
180.0 195.0 -0.9992592592592595
185.0 195.0 -1.0611111111111113
190.0 195.0 -1.1229629629629632
195.0 195.0 -1.184814814814815
195.0 195.0 -1.184814814814815
200.0 195.0 -1.2466666666666668
205.0 195.0 -1.3085185185185186
210.0 195.0 -1.3703703703703705
215.0 195.0 -1.4322222222222225
0.0 200.0 1.226296296296296
0.0 200.0 1.226296296296296
5.0 200.0 1.1644444444444442
10.0 200.0 1.1025925925925923
15.0 200.0 1.0407407407407405
20.0 200.0 0.9788888888888887
25.0 200.0 0.9170370370370369
25.0 200.0 0.9170370370370369
30.0 200.0 0.855185185185185
35.0 200.0 0.7933333333333332
40.0 200.0 0.7314814814814814
45.0 200.0 0.6696296296296296
50.0 200.0 0.6077777777777776
50.0 200.0 0.6077777777777776
55.0 200.0 0.5459259259259258
60.0 200.0 0.484074074074074
65.0 200.0 0.4222222222222221
70.0 200.0 0.3603703703703703
75.0 200.0 0.2985185185185184
75.0 200.0 0.2985185185185184
80.0 200.0 0.23666666666666655
85.0 200.0 0.1748148148148147
90.0 200.0 0.11296296296296283
95.0 200.0 0.05111111111111099
100.0 200.0 -0.010740740740740865
100.0 200.0 -0.010740740740740865
105.0 200.0 -0.07259259259259272
110.0 200.0 -0.13444444444444456
115.0 200.0 -0.1962962962962964
120.0 200.0 -0.25814814814814824
125.0 200.0 -0.3200000000000001
125.0 200.0 -0.3200000000000001
130.0 200.0 -0.38185185185185194
135.0 200.0 -0.4437037037037038
140.0 200.0 -0.5055555555555556
145.0 200.0 -0.5674074074074075
150.0 200.0 -0.6292592592592594
150.0 200.0 -0.6292592592592594
155.0 200.0 -0.6911111111111112
160.0 200.0 -0.7529629629629631
165.0 200.0 -0.8148148148148149
170.0 200.0 -0.8766666666666668
175.0 200.0 -0.9385185185185188
175.0 200.0 -0.9385185185185188
180.0 200.0 -1.0003703703703706
185.0 200.0 -1.0622222222222224
190.0 200.0 -1.1240740740740742
195.0 200.0 -1.185925925925926
200.0 200.0 -1.2477777777777779
200.0 200.0 -1.2477777777777779
205.0 200.0 -1.30962962962963
210.0 200.0 -1.3714814814814817
215.0 200.0 -1.4333333333333336
0.0 205.0 1.225185185185185
5.0 205.0 1.163333333333333
5.0 205.0 1.163333333333333
10.0 205.0 1.1014814814814813
15.0 205.0 1.0396296296296295
20.0 205.0 0.9777777777777775
25.0 205.0 0.9159259259259257
30.0 205.0 0.854074074074074
30.0 205.0 0.854074074074074
35.0 205.0 0.7922222222222222
40.0 205.0 0.7303703703703702
45.0 205.0 0.6685185185185184
50.0 205.0 0.6066666666666666
55.0 205.0 0.5448148148148148
55.0 205.0 0.5448148148148148
60.0 205.0 0.48296296296296287
65.0 205.0 0.421111111111111
70.0 205.0 0.35925925925925917
75.0 205.0 0.2974074074074073
80.0 205.0 0.23555555555555546
80.0 205.0 0.23555555555555546
85.0 205.0 0.17370370370370358
90.0 205.0 0.11185185185185173
95.0 205.0 0.04999999999999988
100.0 205.0 -0.011851851851851976
105.0 205.0 -0.07370370370370383
105.0 205.0 -0.07370370370370383
110.0 205.0 -0.13555555555555568
115.0 205.0 -0.19740740740740753
120.0 205.0 -0.25925925925925936
125.0 205.0 -0.32111111111111124
130.0 205.0 -0.38296296296296306
130.0 205.0 -0.38296296296296306
135.0 205.0 -0.44481481481481494
140.0 205.0 -0.5066666666666668
145.0 205.0 -0.5685185185185186
150.0 205.0 -0.6303703703703705
155.0 205.0 -0.6922222222222223
155.0 205.0 -0.6922222222222223
160.0 205.0 -0.7540740740740741
165.0 205.0 -0.815925925925926
170.0 205.0 -0.8777777777777779
175.0 205.0 -0.9396296296296298
180.0 205.0 -1.0014814814814816
180.0 205.0 -1.0014814814814816
185.0 205.0 -1.0633333333333335
190.0 205.0 -1.1251851851851853
195.0 205.0 -1.1870370370370373
200.0 205.0 -1.2488888888888892
205.0 205.0 -1.310740740740741
205.0 205.0 -1.310740740740741
210.0 205.0 -1.3725925925925928
215.0 205.0 -1.4344444444444446
0.0 210.0 1.2240740740740739
5.0 210.0 1.162222222222222
10.0 210.0 1.1003703703703702
10.0 210.0 1.1003703703703702
15.0 210.0 1.0385185185185184
20.0 210.0 0.9766666666666665
25.0 210.0 0.9148148148148146
30.0 210.0 0.8529629629629628
35.0 210.0 0.791111111111111
35.0 210.0 0.791111111111111
40.0 210.0 0.7292592592592592
45.0 210.0 0.6674074074074073
50.0 210.0 0.6055555555555554
55.0 210.0 0.5437037037037036
60.0 210.0 0.48185185185185175
60.0 210.0 0.48185185185185175
65.0 210.0 0.4199999999999999
70.0 210.0 0.358148148148148
75.0 210.0 0.29629629629629617
80.0 210.0 0.2344444444444443
85.0 210.0 0.17259259259259246
85.0 210.0 0.17259259259259246
90.0 210.0 0.11074074074074061
95.0 210.0 0.04888888888888876
100.0 210.0 -0.012962962962963094
105.0 210.0 -0.07481481481481494
110.0 210.0 -0.1366666666666668
110.0 210.0 -0.1366666666666668
115.0 210.0 -0.19851851851851865
120.0 210.0 -0.26037037037037053
125.0 210.0 -0.32222222222222235
130.0 210.0 -0.38407407407407423
135.0 210.0 -0.44592592592592606
135.0 210.0 -0.44592592592592606
140.0 210.0 -0.5077777777777779
145.0 210.0 -0.5696296296296297
150.0 210.0 -0.6314814814814815
155.0 210.0 -0.6933333333333335
160.0 210.0 -0.7551851851851853
160.0 210.0 -0.7551851851851853
165.0 210.0 -0.8170370370370371
170.0 210.0 -0.8788888888888889
175.0 210.0 -0.940740740740741
180.0 210.0 -1.0025925925925927
185.0 210.0 -1.0644444444444447
185.0 210.0 -1.0644444444444447
190.0 210.0 -1.1262962962962966
195.0 210.0 -1.1881481481481484
200.0 210.0 -1.2500000000000002
205.0 210.0 -1.311851851851852
210.0 210.0 -1.3737037037037039
210.0 210.0 -1.3737037037037039
215.0 210.0 -1.4355555555555557
0.0 215.0 1.2229629629629628
5.0 215.0 1.161111111111111
10.0 215.0 1.0992592592592592
15.0 215.0 1.0374074074074071
15.0 215.0 1.0374074074074071
20.0 215.0 0.9755555555555554
25.0 215.0 0.9137037037037035
30.0 215.0 0.8518518518518517
35.0 215.0 0.7899999999999999
40.0 215.0 0.7281481481481481
40.0 215.0 0.7281481481481481
45.0 215.0 0.6662962962962962
50.0 215.0 0.6044444444444443
55.0 215.0 0.5425925925925925
60.0 215.0 0.48074074074074064
65.0 215.0 0.41888888888888876
65.0 215.0 0.41888888888888876
70.0 215.0 0.3570370370370369
75.0 215.0 0.29518518518518505
80.0 215.0 0.23333333333333317
85.0 215.0 0.17148148148148132
90.0 215.0 0.1096296296296295
90.0 215.0 0.1096296296296295
95.0 215.0 0.04777777777777764
100.0 215.0 -0.014074074074074211
105.0 215.0 -0.07592592592592606
110.0 215.0 -0.13777777777777792
115.0 215.0 -0.19962962962962977
115.0 215.0 -0.19962962962962977
120.0 215.0 -0.26148148148148165
125.0 215.0 -0.3233333333333335
130.0 215.0 -0.38518518518518535
135.0 215.0 -0.4470370370370372
140.0 215.0 -0.508888888888889
140.0 215.0 -0.508888888888889
145.0 215.0 -0.5707407407407409
150.0 215.0 -0.6325925925925927
155.0 215.0 -0.6944444444444445
160.0 215.0 -0.7562962962962964
165.0 215.0 -0.8181481481481483
165.0 215.0 -0.8181481481481483
170.0 215.0 -0.8800000000000001
175.0 215.0 -0.941851851851852
180.0 215.0 -1.003703703703704
185.0 215.0 -1.0655555555555558
190.0 215.0 -1.1274074074074076
190.0 215.0 -1.1274074074074076
195.0 215.0 -1.1892592592592595
200.0 215.0 -1.2511111111111113
205.0 215.0 -1.312962962962963
210.0 215.0 -1.374814814814815
215.0 215.0 -1.4366666666666668
215.0 215.0 -1.4366666666666668
