0.0 0.0 0.47422605644344173
0.0 0.0 0.47422605644344173
10.0 0.0 0.4632634101255835
20.0 0.0 0.4485305445679335
30.0 0.0 0.4297303508358137
40.0 0.0 0.4067121122770254
50.0 0.0 0.3794957808509156
60.0 0.0 0.34825706223342134
70.0 0.0 0.3132842421969553
80.0 0.0 0.2749297788471401
90.0 0.0 0.23357493997463097
100.0 0.0 0.18961304340816632
100.0 0.0 0.18961304340816632
110.0 0.0 0.14344714448932638
120.0 0.0 0.09549462474458537
130.0 0.0 0.046191912555770154
140.0 0.0 -0.004005301612011847
150.0 0.0 -0.054629027513200645
160.0 0.0 -0.1052142097132629
170.0 0.0 -0.15532145083861004
180.0 0.0 -0.20456347065146896
190.0 0.0 -0.25262819173634354
200.0 0.0 -0.2992905887716981
200.0 0.0 -0.2992905887716981
210.0 0.0 -0.34440971549599975
0.0 10.0 0.4818875412468
10.0 10.0 0.4712489812448537
20.0 10.0 0.4566825652400528
30.0 10.0 0.4378471255030003
40.0 10.0 0.41456523673422074
50.0 10.0 0.3868526786121893
60.0 10.0 0.35489871063398537
70.0 10.0 0.3190121903394545
80.0 10.0 0.2795641322368534
80.0 10.0 0.2795641322368534
90.0 10.0 0.23694927926478337
100.0 10.0 0.19157167078422255
110.0 10.0 0.1438471917787153
120.0 10.0 0.09421287360632946
130.0 10.0 0.043134562757686234
140.0 10.0 -0.00889227527676506
150.0 10.0 -0.061351238288680277
160.0 10.0 -0.11372398329286848
170.0 10.0 -0.16551845513579755
180.0 10.0 -0.2163018783866073
180.0 10.0 -0.2163018783866073
190.0 10.0 -0.2657296441859478
200.0 10.0 -0.3135598730079632
210.0 10.0 -0.3596490164576851
0.0 20.0 0.48678099835498023
10.0 20.0 0.4763825803363706
20.0 20.0 0.46193806046291963
30.0 20.0 0.44307117272726915
40.0 20.0 0.41958068481122357
50.0 20.0 0.39147360148902455
60.0 20.0 0.35894151107276184
60.0 20.0 0.35894151107276184
70.0 20.0 0.32229867276355373
80.0 20.0 0.2819187089479943
90.0 20.0 0.2381956971010446
100.0 20.0 0.19153374925918665
110.0 20.0 0.1423553285535285
120.0 20.0 0.09111547920877916
130.0 20.0 0.03831192162512931
140.0 20.0 -0.015514790723438976
150.0 20.0 -0.06979331997547245
160.0 20.0 -0.12394581337696164
160.0 20.0 -0.12394581337696164
170.0 20.0 -0.17742249901196105
180.0 20.0 -0.2297412608858722
190.0 20.0 -0.2805218779304339
200.0 20.0 -0.3295028947517967
210.0 20.0 -0.37653579452569874
0.0 30.0 0.4885910983913455
10.0 30.0 0.47830899903762314
20.0 30.0 0.4639107369947668
30.0 30.0 0.44500000000000006
40.0 30.0 0.42135756817159575
40.0 30.0 0.42135756817159575
50.0 30.0 0.39297534494436437
60.0 30.0 0.3600308491107469
70.0 30.0 0.32282256312415014
80.0 30.0 0.28170587016865634
90.0 30.0 0.2370568275094862
100.0 30.0 0.189267263527515
110.0 30.0 0.13875953347798697
120.0 30.0 0.08600577119127883
130.0 30.0 0.03153966589881063
140.0 30.0 -0.02404577927748275
140.0 30.0 -0.02404577927748275
150.0 30.0 -0.08011606090490608
160.0 30.0 -0.1360269034711813
170.0 30.0 -0.1911662633321649
180.0 30.0 -0.24499999999999977
190.0 30.0 -0.2971100677544356
200.0 30.0 -0.34721268087760604
210.0 30.0 -0.3951512529110084
0.0 40.0 0.4871321229561417
10.0 40.0 0.4768187018521908
20.0 40.0 0.462369585769024
20.0 40.0 0.462369585769024
30.0 40.0 0.4433862648960166
40.0 40.0 0.41963903951482706
50.0 40.0 0.39109827198120284
60.0 40.0 0.35790950833359025
70.0 40.0 0.32033232103410025
80.0 40.0 0.2786811933088813
90.0 40.0 0.23329523104681416
100.0 40.0 0.18454031866025644
110.0 40.0 0.13283126810521562
120.0 40.0 0.07865657856005692
120.0 40.0 0.07865657856005692
130.0 40.0 0.022591271293236792
140.0 40.0 -0.03470988681208742
150.0 40.0 -0.09253910681521549
160.0 40.0 -0.15017765593739218
170.0 40.0 -0.20694660451252656
180.0 40.0 -0.2622578644141269
190.0 40.0 -0.31565437414849384
200.0 40.0 -0.3668281077945983
210.0 40.0 -0.41561192679177794
0.0 50.0 0.4823701862605766
0.0 50.0 0.4823701862605766
10.0 50.0 0.4718751784653976
20.0 50.0 0.45726990886393715
30.0 50.0 0.43816953314125895
40.0 50.0 0.4143411293344629
50.0 50.0 0.38572914230305666
60.0 50.0 0.35243284212380754
70.0 50.0 0.31465334592926075
80.0 50.0 0.2726438988087856
90.0 50.0 0.22668835303711077
100.0 50.0 0.17711229628394665
100.0 50.0 0.17711229628394665
110.0 50.0 0.12431445904859917
120.0 50.0 0.06879845749988645
130.0 50.0 0.01118657685020863
140.0 50.0 -0.04779388705971943
150.0 50.0 -0.10735006003646408
160.0 50.0 -0.16667940425054262
170.0 50.0 -0.22503084919425909
180.0 50.0 -0.28176060709314055
190.0 50.0 -0.33637248135373754
200.0 50.0 -0.38853418084926816
200.0 50.0 -0.38853418084926816
210.0 50.0 -0.4380678465200847
0.0 60.0 0.4744061238010414
10.0 60.0 0.46359304696983616
20.0 60.0 0.4487275603758235
30.0 60.0 0.42944876495436346
40.0 60.0 0.40552600074458234
50.0 60.0 0.37687690417121367
60.0 60.0 0.34354748132157775
70.0 60.0 0.3056688918497653
80.0 60.0 0.2634189981591374
80.0 60.0 0.2634189981591374
90.0 60.0 0.21701140008328146
100.0 60.0 0.16671775574770364
110.0 60.0 0.11291144534657171
120.0 60.0 0.05610909982407597
130.0 60.0 -0.0030139581853806385
140.0 60.0 -0.06364660087242491
150.0 60.0 -0.12489827548435439
160.0 60.0 -0.18587257187379413
170.0 60.0 -0.2457405420951272
180.0 60.0 -0.3038010424491866
180.0 60.0 -0.3038010424491866
190.0 60.0 -0.3595198450529046
200.0 60.0 -0.41254294612790354
210.0 60.0 -0.4626850244623163
0.0 70.0 0.46342981675741735
10.0 70.0 0.45218174216386475
20.0 70.0 0.43695477555071105
30.0 70.0 0.417415679632975
40.0 70.0 0.3933392087159959
50.0 70.0 0.3646187098598487
60.0 70.0 0.3312479478643213
60.0 70.0 0.3312479478643213
70.0 70.0 0.29328637816951775
80.0 70.0 0.2508311160412876
90.0 70.0 0.20401675369178995
100.0 70.0 0.15305072603875114
110.0 70.0 0.09827277712074578
120.0 70.0 0.040210099294959
130.0 70.0 -0.020404017474669356
140.0 70.0 -0.08266433886446012
150.0 70.0 -0.14557117492363636
160.0 70.0 -0.20812519214210057
160.0 70.0 -0.20812519214210057
170.0 70.0 -0.2694145477363469
180.0 70.0 -0.32867980636900407
190.0 70.0 -0.38535123458003684
200.0 70.0 -0.43905824325137455
210.0 70.0 -0.4896147463894118
0.0 80.0 0.44966876449302484
10.0 80.0 0.43788511070420444
20.0 80.0 0.4221941194305763
30.0 80.0 0.4022883438399586
40.0 80.0 0.3779488381323619
40.0 80.0 0.3779488381323619
50.0 80.0 0.349049326714053
60.0 80.0 0.3155385856034165
70.0 80.0 0.27741149902371487
80.0 80.0 0.23468882274492786
90.0 80.0 0.18742640316576042
100.0 80.0 0.135764143250237
110.0 80.0 0.08000396285312705
120.0 80.0 0.02068214907108268
130.0 80.0 -0.04140685196266358
140.0 80.0 -0.10525704770232236
140.0 80.0 -0.10525704770232236
150.0 80.0 -0.1697524394850043
160.0 80.0 -0.23378541664509778
170.0 80.0 -0.2963586718660649
180.0 80.0 -0.35665500893060076
190.0 80.0 -0.4140730439709178
200.0 80.0 -0.46823263369840384
210.0 80.0 -0.5189562084513641
0.0 90.0 0.43334896344364515
10.0 90.0 0.42093916623780836
20.0 90.0 0.40467594341976554
20.0 90.0 0.40467594341976554
30.0 90.0 0.3842717469084067
40.0 90.0 0.35951274581194315
50.0 90.0 0.33025822933101934
60.0 90.0 0.2964227349661134
70.0 90.0 0.2579502543820452
80.0 90.0 0.21479879503096355
90.0 90.0 0.166956615800819
100.0 90.0 0.11450345678296447
110.0 90.0 0.05770706242893675
120.0 90.0 -0.002885971564063561
120.0 90.0 -0.002885971564063561
130.0 90.0 -0.06641991768084543
140.0 90.0 -0.13178847338218247
150.0 90.0 -0.19776022892992462
160.0 90.0 -0.2631203295115041
170.0 90.0 -0.3267871289422333
180.0 90.0 -0.38788777710700906
190.0 90.0 -0.44579380518297185
200.0 90.0 -0.5001234414090951
210.0 90.0 -0.550718407435411
0.0 100.0 0.4146735088300435
0.0 100.0 0.4146735088300435
10.0 100.0 0.40155271186301644
20.0 100.0 0.384603044166164
30.0 100.0 0.36354836645500566
40.0 100.0 0.3381769708204835
50.0 100.0 0.3083382087557769
60.0 100.0 0.2739242482046893
70.0 100.0 0.23484573858413915
80.0 100.0 0.19101894491100058
90.0 100.0 0.1423865458692981
100.0 100.0 0.08898799377884059
100.0 100.0 0.08898799377884059
110.0 100.0 0.03107080959490638
120.0 100.0 -0.03080311830753435
130.0 100.0 -0.09572107831391963
140.0 100.0 -0.16248691029730566
150.0 100.0 -0.22976537918605244
160.0 100.0 -0.29624305221573644
170.0 100.0 -0.3607587123973923
180.0 100.0 -0.42238678821606446
190.0 100.0 -0.48047607430268013
200.0 100.0 -0.5346511360535824
200.0 100.0 -0.5346511360535824
210.0 100.0 -0.5847845167870812
0.0 110.0 0.39381487612426014
10.0 110.0 0.37990375905574536
20.0 110.0 0.3621525753941509
30.0 110.0 0.34028676722856654
40.0 110.0 0.3140925327056464
50.0 110.0 0.2834128011818232
60.0 110.0 0.24812908017018298
70.0 110.0 0.20813788413390089
80.0 110.0 0.16333930632637794
80.0 110.0 0.16333930632637794
90.0 110.0 0.11366044631185324
100.0 110.0 0.059130609621036445
110.0 110.0 -1.1102230246251565e-16
120.0 110.0 -0.06314615047660166
130.0 110.0 -0.12934720322225945
140.0 110.0 -0.19733744346932036
150.0 110.0 -0.2656992493109538
160.0 110.0 -0.3330355738481384
170.0 110.0 -0.3981126332512116
180.0 110.0 -0.4599547813340257
180.0 110.0 -0.4599547813340257
190.0 110.0 -0.5178915569494014
200.0 110.0 -0.5715616115579262
210.0 110.0 -0.6208804784681172
0.0 120.0 0.3709140186626634
10.0 120.0 0.3561420259685404
20.0 120.0 0.33748274876985274
30.0 120.0 0.3146533443019065
40.0 120.0 0.28743351001431094
50.0 120.0 0.25566293522746886
60.0 120.0 0.21922390694470129
60.0 120.0 0.21922390694470129
70.0 120.0 0.17801822201730988
80.0 120.0 0.1319565769670934
90.0 120.0 0.08098301391033524
100.0 120.0 0.025150265575382136
110.0 120.0 -0.035263061390268025
120.0 120.0 -0.09964018661463037
130.0 120.0 -0.16698493117861068
140.0 120.0 -0.2359877232162898
150.0 120.0 -0.30517489692005495
160.0 120.0 -0.37308339852108496
160.0 120.0 -0.37308339852108496
170.0 120.0 -0.4384141392020976
180.0 120.0 -0.500143054336038
190.0 120.0 -0.5575831036522577
200.0 120.0 -0.6103949422251287
210.0 120.0 -0.6585501636729026
0.0 130.0 0.34608126129965644
10.0 130.0 0.3303908135863667
20.0 130.0 0.31073585823837213
30.0 130.0 0.2868167661129104
40.0 130.0 0.25840341058897054
40.0 130.0 0.25840341058897054
50.0 130.0 0.2253361206309361
60.0 130.0 0.18750949369773906
70.0 130.0 0.1448491610856234
80.0 130.0 0.09730096261611476
90.0 130.0 0.04485451021516551
100.0 130.0 -0.012385734840668738
110.0 130.0 -0.07409240156149588
120.0 130.0 -0.13961253931340745
130.0 130.0 -0.20792766701856857
140.0 130.0 -0.27770895169073384
140.0 130.0 -0.27770895169073384
150.0 130.0 -0.347451438789638
160.0 130.0 -0.4156423408033698
170.0 130.0 -0.4809234239840233
180.0 130.0 -0.5422230475137002
190.0 130.0 -0.5988401280028119
200.0 130.0 -0.650465870004211
210.0 130.0 -0.6971417309475957
0.0 140.0 0.3193977680964203
10.0 140.0 0.30274672047895623
20.0 140.0 0.28203564104293444
20.0 140.0 0.28203564104293444
30.0 140.0 0.25694242078518525
40.0 140.0 0.2272259684690322
50.0 140.0 0.19273240981097328
60.0 140.0 0.15338004555462825
70.0 140.0 0.10913456976702429
80.0 140.0 0.0599961308579704
90.0 140.0 0.006019649340168187
100.0 140.0 -0.05262180328415067
110.0 140.0 -0.11554243092393235
120.0 140.0 -0.18205422252603454
120.0 140.0 -0.18205422252603454
130.0 140.0 -0.2511285687083066
140.0 140.0 -0.32143654796301785
150.0 140.0 -0.3914611953170308
160.0 140.0 -0.4596532693536723
170.0 140.0 -0.5246009177842058
180.0 140.0 -0.585186277870205
190.0 140.0 -0.640697481307961
200.0 140.0 -0.6908650821133147
210.0 140.0 -0.735813213244835
0.0 150.0 0.2909202471661537
0.0 150.0 0.2909202471661537
10.0 150.0 0.2732809272870034
20.0 150.0 0.251483719796168
30.0 150.0 0.22518255749771054
40.0 150.0 0.19412707541287566
50.0 150.0 0.15817522628536218
60.0 150.0 0.11727884586352932
70.0 150.0 0.0714554715034168
80.0 150.0 0.020771012398115518
90.0 150.0 -0.034645421809299304
100.0 150.0 -0.09454774436244129
100.0 150.0 -0.09454774436244129
110.0 150.0 -0.15849275685396813
120.0 150.0 -0.22576356203722303
130.0 150.0 -0.2953318513453589
140.0 150.0 -0.36588213930247465
150.0 150.0 -0.4358999507775339
160.0 150.0 -0.5038119279822171
170.0 150.0 -0.5681606201850152
180.0 150.0 -0.627786693117897
190.0 150.0 -0.6819724447722739
200.0 150.0 -0.7304950274841189
200.0 150.0 -0.7304950274841189
210.0 150.0 -0.7735690345297561
0.0 160.0 0.26069386051061716
10.0 160.0 0.24204931397270313
20.0 160.0 0.21916469807054795
30.0 160.0 0.1916739325777408
40.0 160.0 0.15932207234743867
50.0 160.0 0.12198453936617404
60.0 160.0 0.07965271444803201
70.0 160.0 0.032401104728592256
80.0 160.0 -0.019635872864370074
80.0 160.0 -0.019635872864370074
90.0 160.0 -0.07625585178392158
100.0 160.0 -0.13714471008251228
110.0 160.0 -0.20180966137630818
120.0 160.0 -0.2695135222271764
130.0 160.0 -0.3392369128981024
140.0 160.0 -0.40968790542308436
150.0 160.0 -0.4793678659348109
160.0 160.0 -0.5466953274760518
170.0 160.0 -0.6101829763230072
180.0 160.0 -0.6686425017533939
180.0 160.0 -0.6686425017533939
190.0 160.0 -0.7213582503755683
200.0 160.0 -0.7681567426023916
210.0 160.0 -0.8093400526485974
0.0 170.0 0.2287768839862394
10.0 170.0 0.20911761977491494
20.0 170.0 0.18516890648270612
30.0 170.0 0.15655449029531476
40.0 170.0 0.12302223648407973
50.0 170.0 0.08446887909057177
60.0 170.0 0.04092564013296396
60.0 170.0 0.04092564013296396
70.0 170.0 -0.007478692455227143
80.0 170.0 -0.06054653257033116
90.0 170.0 -0.11801019748797925
100.0 170.0 -0.17949744779696164
110.0 170.0 -0.24447598109098456
120.0 170.0 -0.3121966244369687
130.0 170.0 -0.38165577916054294
140.0 170.0 -0.45159403010231014
150.0 170.0 -0.5205441277740231
160.0 170.0 -0.5869401189697472
160.0 170.0 -0.5869401189697472
170.0 170.0 -0.649292683729985
180.0 170.0 -0.706408544880013
190.0 170.0 -0.7575859745696782
200.0 170.0 -0.8026965510263323
210.0 170.0 -0.8421114377857268
0.0 180.0 0.19527399632730225
10.0 180.0 0.17459953446060494
20.0 180.0 0.1496321514441331
30.0 180.0 0.1200000000000001
40.0 180.0 0.08546288921335299
40.0 180.0 0.08546288921335299
50.0 180.0 0.04594022895578165
60.0 180.0 0.0014975759534301414
70.0 180.0 -0.047691606306336065
80.0 180.0 -0.10137790871650088
90.0 180.0 -0.1592402039963814
100.0 180.0 -0.2208595544654849
110.0 180.0 -0.2856736784065351
120.0 180.0 -0.3529281349371174
130.0 180.0 -0.4216405738423979
140.0 180.0 -0.49059316136138015
140.0 180.0 -0.49059316136138015
150.0 180.0 -0.5583687772742807
160.0 180.0 -0.6234483135564994
170.0 180.0 -0.6843798481555923
180.0 180.0 -0.7400000000000001
190.0 180.0 -0.7896363284612635
200.0 180.0 -0.8331938925046387
210.0 180.0 -0.8710797717229886
0.0 190.0 0.16036574991055585
10.0 190.0 0.1386925630740986
20.0 190.0 0.11277550946240389
20.0 190.0 0.11277550946240389
30.0 190.0 0.08226334457556961
40.0 190.0 0.04693703134617333
50.0 190.0 0.00673803009377183
60.0 190.0 -0.038242805281264114
70.0 190.0 -0.08780080281366331
80.0 190.0 -0.141649107357675
90.0 190.0 -0.19942653562189816
100.0 190.0 -0.2606788274620577
110.0 190.0 -0.32482226204242404
120.0 190.0 -0.3911028573335368
120.0 190.0 -0.3911028573335368
130.0 190.0 -0.45856471752022987
140.0 190.0 -0.5260413785208037
150.0 190.0 -0.5921863954692124
160.0 190.0 -0.6555619430006557
170.0 190.0 -0.7147970736118778
180.0 190.0 -0.7687967641937659
190.0 190.0 -0.8169336557394613
200.0 190.0 -0.8591307142163483
210.0 190.0 -0.8957908990977774
0.0 200.0 0.12431805719985733
0.0 200.0 0.12431805719985733
10.0 200.0 0.1016901662032812
20.0 200.0 0.07491931250824968
30.0 200.0 0.04368873196960621
40.0 200.0 0.007807967116114201
50.0 200.0 -0.032760883583696554
60.0 200.0 -0.0779107805522199
70.0 200.0 -0.12741924749565325
80.0 200.0 -0.18097638286972362
90.0 200.0 -0.23819428904688444
100.0 200.0 -0.29859456877655244
100.0 200.0 -0.29859456877655244
110.0 200.0 -0.3615805704791323
120.0 200.0 -0.4264050552521038
130.0 200.0 -0.4921448915368598
140.0 200.0 -0.5576955302889044
150.0 200.0 -0.6218006911482681
160.0 200.0 -0.6831342427491833
170.0 200.0 -0.7404430859083623
180.0 200.0 -0.7927320189700158
190.0 200.0 -0.8394306991200305
200.0 200.0 -0.8804655335238196
200.0 200.0 -0.8804655335238196
210.0 200.0 -0.9162000638283652
0.0 210.0 0.0874641086702721
10.0 210.0 0.06395962951387035
20.0 210.0 0.03645814712120066
30.0 210.0 0.004686214067762928
40.0 210.0 -0.03151359196692838
50.0 210.0 -0.07215977629620463
60.0 210.0 -0.11713574978296204
70.0 210.0 -0.16621167668097947
80.0 210.0 -0.21906685970747786
80.0 210.0 -0.21906685970747786
90.0 210.0 -0.275299013517333
100.0 210.0 -0.33441678515214746
110.0 210.0 -0.39582001304624004
120.0 210.0 -0.45877614020388846
130.0 210.0 -0.5224027453017107
140.0 210.0 -0.5856676386843729
150.0 210.0 -0.6474199729621362
160.0 210.0 -0.7064656472389363
170.0 210.0 -0.7616914271066104
180.0 210.0 -0.8122190241674565
180.0 210.0 -0.8122190241674565
190.0 210.0 -0.8575404453107307
200.0 210.0 -0.8975759327071486
210.0 210.0 -0.932627440525351
