0.0 0.0 0.10487031828053694
0.0 0.0 0.10487031828053694
10.0 0.0 0.11495273719974275
20.0 0.0 0.12373750805727646
30.0 0.0 0.1310458487863022
40.0 0.0 0.13673762267448653
50.0 0.0 0.1407206408387658
60.0 0.0 0.14294695191237428
70.0 0.0 0.14339998127004205
80.0 0.0 0.14208048585944022
90.0 0.0 0.13899739233823433
100.0 0.0 0.1341648844982014
100.0 0.0 0.1341648844982014
110.0 0.0 0.12760360129894133
120.0 0.0 0.11934281990158646
130.0 0.0 0.10942139518553451
140.0 0.0 0.09788703161215695
150.0 0.0 0.08479538519364549
160.0 0.0 0.07021170996677756
170.0 0.0 0.054217232594444165
180.0 0.0 0.03691945764055726
190.0 0.0 0.018461345555706332
200.0 0.0 -0.00097752602097545
200.0 0.0 -0.00097752602097545
210.0 0.0 -0.02119110056547535
0.0 10.0 0.10372723351024249
10.0 10.0 0.11423334847883759
20.0 10.0 0.12342936437883889
30.0 10.0 0.13111686702604364
40.0 10.0 0.1371395870927411
50.0 10.0 0.14139442730499852
60.0 10.0 0.14382623096266078
70.0 10.0 0.14441169572205825
80.0 10.0 0.14314311867283325
80.0 10.0 0.14314311867283325
90.0 10.0 0.1400194937140855
100.0 10.0 0.1350459060456186
110.0 10.0 0.12823770240863336
120.0 10.0 0.1196249202271567
130.0 10.0 0.10925383665264127
140.0 10.0 0.09718499780907014
150.0 10.0 0.0834897927218069
160.0 10.0 0.06824954043903259
170.0 10.0 0.05156073913037024
180.0 10.0 0.03354636034208447
180.0 10.0 0.03354636034208447
190.0 10.0 0.014367060651013841
200.0 10.0 -0.005776913420277807
210.0 10.0 -0.026657773967805942
0.0 20.0 0.10068244002124827
10.0 20.0 0.11155538267694876
20.0 20.0 0.12112459649911189
30.0 20.0 0.1291753907227497
40.0 20.0 0.13553600121695736
50.0 20.0 0.14008966445025556
60.0 20.0 0.14276806262931507
60.0 20.0 0.14276806262931507
70.0 20.0 0.1435329621291876
80.0 20.0 0.14235906333877213
90.0 20.0 0.13922671099232709
100.0 20.0 0.13412486317172823
110.0 20.0 0.12705935134754326
120.0 20.0 0.11806036654255547
130.0 20.0 0.10718490205676467
140.0 20.0 0.09451316334481502
150.0 20.0 0.08014161413987503
160.0 20.0 0.06417804378103842
160.0 20.0 0.06417804378103842
170.0 20.0 0.04674398580938499
180.0 20.0 0.027985349977337315
190.0 20.0 0.008084488375764254
200.0 20.0 -0.0127374729984579
210.0 20.0 -0.0342339605815547
0.0 30.0 0.09556813793091312
10.0 30.0 0.10672888845722994
20.0 30.0 0.11661455746562777
30.0 30.0 0.125
40.0 30.0 0.13169990621223482
40.0 30.0 0.13169990621223482
50.0 30.0 0.1365806594627385
60.0 30.0 0.139552992905913
70.0 30.0 0.140553140424929
80.0 30.0 0.13952674152749617
90.0 30.0 0.13642475475266597
100.0 30.0 0.13121135883800705
110.0 30.0 0.12387759326355541
120.0 30.0 0.11445295084727941
130.0 30.0 0.10300914377983728
140.0 30.0 0.08965447423395684
140.0 30.0 0.08965447423395684
150.0 30.0 0.07452216549161472
160.0 30.0 0.05775967818370459
170.0 30.0 0.0395261544822087
180.0 30.0 0.020000000000000073
190.0 30.0 -0.0006101962929295213
200.0 30.0 -0.02206350442803756
210.0 30.0 -0.044100023241571806
0.0 40.0 0.08826528747063556
10.0 40.0 0.09961695058327957
20.0 40.0 0.10974543077663934
20.0 40.0 0.10974543077663934
30.0 40.0 0.11842233558381676
40.0 40.0 0.12545177102078908
50.0 40.0 0.13068042055238227
60.0 40.0 0.1339900047272483
70.0 40.0 0.1352799527916827
80.0 40.0 0.1344544247238122
90.0 40.0 0.1314230418885382
100.0 40.0 0.1261152335789837
110.0 40.0 0.11850093563935454
120.0 40.0 0.1086077892596854
120.0 40.0 0.1086077892596854
130.0 40.0 0.09652687422049938
140.0 40.0 0.08240444615108616
150.0 40.0 0.06642393407004632
160.0 40.0 0.04878734251564992
170.0 40.0 0.029705262389760567
180.0 40.0 0.009398750484405305
190.0 40.0 -0.011893118470518438
200.0 40.0 -0.03391185211063247
210.0 40.0 -0.056391345883123944
0.0 50.0 0.07871414990691539
0.0 50.0 0.07871414990691539
10.0 50.0 0.09014798903731136
20.0 50.0 0.10043161616948643
30.0 50.0 0.10934032685091166
40.0 50.0 0.11667102707918448
50.0 50.0 0.12224914921883934
60.0 50.0 0.12592116574099593
70.0 50.0 0.12754012373986456
80.0 50.0 0.12695725967356158
90.0 50.0 0.12402892732096471
100.0 50.0 0.1186391218203045
100.0 50.0 0.1186391218203045
110.0 50.0 0.11072951796343361
120.0 50.0 0.10032444715393396
130.0 50.0 0.08753952528368808
140.0 50.0 0.07256983022218672
150.0 50.0 0.055663232773888904
160.0 50.0 0.03709111788104652
170.0 50.0 0.017128383129873137
180.0 50.0 -0.0039526216265519665
190.0 50.0 -0.025879473070717585
200.0 50.0 -0.04837918479680464
200.0 50.0 -0.04837918479680464
210.0 50.0 -0.07118688341050072
0.0 60.0 0.06691190110449363
10.0 60.0 0.0783118364588602
20.0 60.0 0.08865044387130516
30.0 60.0 0.09771205732893867
40.0 60.0 0.10528965313706129
50.0 60.0 0.11118775847954565
60.0 60.0 0.11521476144140769
70.0 60.0 0.11717147715224563
80.0 60.0 0.11684775663348723
80.0 60.0 0.11684775663348723
90.0 60.0 0.1140364438460596
100.0 60.0 0.10856586596021389
110.0 60.0 0.10034206322829609
120.0 60.0 0.08938444193066264
130.0 60.0 0.07583853253108008
140.0 60.0 0.05995927375679183
150.0 60.0 0.04207255107339963
160.0 60.0 0.022531952372930486
170.0 60.0 0.0016863983135211313
180.0 60.0 -0.02013511905132276
180.0 60.0 -0.02013511905132276
190.0 60.0 -0.042626196441769404
200.0 60.0 -0.06550297316908366
210.0 60.0 -0.08850849100317676
0.0 70.0 0.05290127879524298
10.0 70.0 0.06414511654022204
20.0 70.0 0.0744251741478873
30.0 70.0 0.08353811129632227
40.0 70.0 0.09127580131218405
50.0 70.0 0.09742401397348283
60.0 70.0 0.10175396393799263
60.0 70.0 0.10175396393799263
70.0 70.0 0.10401310882032916
80.0 70.0 0.10392608852976165
90.0 70.0 0.10121573300357539
100.0 70.0 0.09564689113997416
110.0 70.0 0.0870837613546071
120.0 70.0 0.07553948492821283
130.0 70.0 0.06119446443273685
140.0 70.0 0.0443731574060362
150.0 70.0 0.02549030505195199
160.0 70.0 0.004990481120386525
160.0 70.0 0.004990481120386525
170.0 70.0 -0.016698297198286027
180.0 70.0 -0.039189135460812374
190.0 70.0 -0.06214346894025824
200.0 70.0 -0.08527059711627594
210.0 70.0 -0.10832705176629859
0.0 80.0 0.03675835752493439
10.0 80.0 0.04771677548703257
20.0 80.0 0.057809500856119966
30.0 80.0 0.06684689438314961
40.0 80.0 0.07462187167952261
40.0 80.0 0.07462187167952261
50.0 80.0 0.08090467299093468
60.0 80.0 0.08543321077666138
70.0 80.0 0.08790503577323011
80.0 80.0 0.08798140173389396
90.0 80.0 0.08531454877363132
100.0 80.0 0.07960322665195585
110.0 80.0 0.0706670468418823
120.0 80.0 0.05851264518238425
130.0 80.0 0.04335880018316213
140.0 80.0 0.02560536100527927
140.0 80.0 0.02560536100527927
150.0 80.0 0.005761341602660008
160.0 80.0 -0.015634881219705188
170.0 80.0 -0.03807646587747199
180.0 80.0 -0.061121214269017954
190.0 80.0 -0.08440220383147895
200.0 80.0 -0.10762616289542554
210.0 80.0 -0.13056769891548575
0.0 90.0 0.018585652165129862
10.0 90.0 0.029121479648152704
20.0 90.0 0.038882452937207546
20.0 90.0 0.038882452937207546
30.0 90.0 0.0476924745670152
40.0 90.0 0.05534673161914544
50.0 90.0 0.06160324845888282
60.0 90.0 0.06617207761531152
70.0 90.0 0.06870786957383257
80.0 90.0 0.0688161208000842
90.0 90.0 0.06608557959046846
100.0 90.0 0.06015441751266509
110.0 90.0 0.050801217566826096
120.0 90.0 0.038028081905599864
120.0 90.0 0.038028081905599864
130.0 90.0 0.022092890336715243
140.0 90.0 0.0034700450862121257
150.0 90.0 -0.01724000478860299
160.0 90.0 -0.03940967962559372
170.0 90.0 -0.06245881289816352
180.0 90.0 -0.08589536459341995
190.0 90.0 -0.10932889511764182
200.0 90.0 -0.13246772361861375
210.0 90.0 -0.15510837052177895
0.0 100.0 -0.0014879987697794528
0.0 100.0 -0.0014879987697794528
10.0 100.0 0.008481990874838807
20.0 100.0 0.017754329255193935
30.0 100.0 0.026165214607738685
40.0 100.0 0.033512319948161784
50.0 100.0 0.03954405128933847
60.0 100.0 0.04394825406833219
70.0 100.0 0.046345787687959494
80.0 100.0 0.04629896263724903
90.0 100.0 0.043348172035970856
100.0 100.0 0.037086338477599845
100.0 100.0 0.037086338477599845
110.0 100.0 0.027262907833638272
120.0 100.0 0.01388047836145151
130.0 100.0 -0.0027671177803577085
140.0 100.0 -0.02214064147862288
150.0 100.0 -0.04356092997421557
160.0 100.0 -0.06632341299016814
170.0 100.0 -0.08978431523997521
180.0 100.0 -0.11340868165793516
190.0 100.0 -0.13678740286387903
200.0 100.0 -0.1596341230666306
200.0 100.0 -0.1596341230666306
210.0 100.0 -0.18177065337084564
0.0 110.0 -0.02330297667279957
10.0 110.0 -0.01404296827889151
20.0 110.0 -0.0054211809947496414
30.0 110.0 0.0024091236056719145
40.0 110.0 0.009247570674711436
50.0 110.0 0.014834626814640983
60.0 110.0 0.01884102306063995
70.0 110.0 0.020863696853527347
80.0 110.0 0.020437524748416036
80.0 110.0 0.020437524748416036
90.0 110.0 0.017075890294931173
100.0 110.0 0.010350151653505169
110.0 110.0 0.0
120.0 110.0 -0.013963733674564216
130.0 110.0 -0.031218266452340104
140.0 110.0 -0.05117753055471974
150.0 110.0 -0.0731049369331912
160.0 110.0 -0.09623694053041076
170.0 110.0 -0.11987830758375062
180.0 110.0 -0.14345825437812892
180.0 110.0 -0.14345825437812892
190.0 110.0 -0.16655323875795175
200.0 110.0 -0.188885571108714
210.0 110.0 -0.21030573297125366
0.0 120.0 -0.04666339013122778
10.0 120.0 -0.0382501853062307
20.0 120.0 -0.030434974014803995
30.0 120.0 -0.023362024726249542
40.0 120.0 -0.01723036120589244
50.0 120.0 -0.012306196955841786
60.0 120.0 -0.008931332224234811
60.0 120.0 -0.008931332224234811
70.0 120.0 -0.007522945205806875
80.0 120.0 -0.008556873001512755
90.0 120.0 -0.012523087421435042
100.0 120.0 -0.019844848910443413
110.0 120.0 -0.030769979151258453
120.0 120.0 -0.04527098810445551
130.0 120.0 -0.06300537337818352
140.0 120.0 -0.08336229452862753
150.0 120.0 -0.10557284571588571
160.0 120.0 -0.12883469027092265
160.0 120.0 -0.12883469027092265
170.0 120.0 -0.15241365654580508
180.0 120.0 -0.17570961108574287
190.0 120.0 -0.19828827339683708
200.0 120.0 -0.21988406465645371
210.0 120.0 -0.24038012219463994
0.0 130.0 -0.07133382871489002
10.0 130.0 -0.06388691727149498
20.0 130.0 -0.05701582686080642
30.0 130.0 -0.050856505664277685
40.0 130.0 -0.04560647001254564
40.0 130.0 -0.04560647001254564
50.0 130.0 -0.04153691206359983
60.0 130.0 -0.03899752065874551
70.0 130.0 -0.03841019113785049
80.0 130.0 -0.04024590997390981
90.0 130.0 -0.04497662784718176
100.0 130.0 -0.05299663987382397
110.0 130.0 -0.06452253046704687
120.0 130.0 -0.07950380135173063
130.0 130.0 -0.09758726730731188
140.0 130.0 -0.11815751404658201
140.0 130.0 -0.11815751404658201
150.0 130.0 -0.1404361964173709
160.0 130.0 -0.1636005449193456
170.0 130.0 -0.1868886787285848
180.0 130.0 -0.2096768599963207
190.0 130.0 -0.2315237530787798
200.0 130.0 -0.25218003181908566
210.0 130.0 -0.2715664207711884
0.0 140.0 -0.09704084602032281
10.0 140.0 -0.09065220511218652
20.0 140.0 -0.08483230237738282
20.0 140.0 -0.08483230237738282
30.0 140.0 -0.07970827648874718
40.0 140.0 -0.07547469949780788
50.0 140.0 -0.07240492405603904
60.0 140.0 -0.07085130765129494
70.0 140.0 -0.07123166423485855
80.0 140.0 -0.07399929456530807
90.0 140.0 -0.07959238504780758
100.0 140.0 -0.08836070597970264
110.0 140.0 -0.1004786340067344
120.0 140.0 -0.11587015795837041
120.0 140.0 -0.11587015795837041
130.0 140.0 -0.1341785668031135
140.0 140.0 -0.15479826756138787
150.0 140.0 -0.17695818769507518
160.0 140.0 -0.19982932272344903
170.0 140.0 -0.22263144610912644
180.0 140.0 -0.24472265339578642
190.0 140.0 -0.26565875248896104
200.0 140.0 -0.2852115625117494
210.0 140.0 -0.3033447072612867
0.0 150.0 -0.1234808899555544
0.0 150.0 -0.1234808899555544
10.0 150.0 -0.11820630707723528
20.0 150.0 -0.11350482079097668
30.0 150.0 -0.10949344012092144
40.0 150.0 -0.1063611620674334
50.0 150.0 -0.10437940555707487
60.0 150.0 -0.1038972206979275
70.0 150.0 -0.10532027635613478
80.0 150.0 -0.10907471158716558
90.0 150.0 -0.1155557789435005
100.0 150.0 -0.1250619701418717
100.0 150.0 -0.1250619701418717
110.0 150.0 -0.13772254882507295
120.0 150.0 -0.15343721194663368
130.0 150.0 -0.1718507422741967
140.0 150.0 -0.19237570090932812
150.0 150.0 -0.21425876904589003
160.0 150.0 -0.23667520911180637
170.0 150.0 -0.2588349971795756
180.0 150.0 -0.28008429209703534
190.0 150.0 -0.2999810952374701
200.0 150.0 -0.3183231164871799
200.0 150.0 -0.3183231164871799
210.0 150.0 -0.3351206615827995
0.0 160.0 -0.1503356200311775
10.0 160.0 -0.1461891592826819
20.0 160.0 -0.14262829188595355
30.0 160.0 -0.13975863395537175
40.0 160.0 -0.1377604389163029
50.0 160.0 -0.13689810840848132
60.0 160.0 -0.1375106859580334
70.0 160.0 -0.13998427315783923
80.0 160.0 -0.1447113185669931
80.0 160.0 -0.1447113185669931
90.0 160.0 -0.15204032373536946
100.0 160.0 -0.16221830413896077
110.0 160.0 -0.1753320110613768
120.0 160.0 -0.19126036913300454
130.0 160.0 -0.20965313160197244
140.0 160.0 -0.2299454324898307
150.0 160.0 -0.2514086163732566
160.0 160.0 -0.2732316586455742
170.0 160.0 -0.2946249627797337
180.0 160.0 -0.31493161956427196
180.0 160.0 -0.31493161956427196
190.0 160.0 -0.33371803101681885
200.0 160.0 -0.35081074249649213
210.0 160.0 -0.36626605887659813
0.0 170.0 -0.17729409250546513
10.0 170.0 -0.17424730602129207
20.0 170.0 -0.17180425859835946
30.0 170.0 -0.17005895729325854
40.0 170.0 -0.16918006643011163
50.0 170.0 -0.1694193983020798
60.0 170.0 -0.17109869782395848
60.0 170.0 -0.17109869782395848
70.0 170.0 -0.17457744284718008
80.0 170.0 -0.180209810110517
90.0 170.0 -0.18829696336374135
100.0 170.0 -0.19903768020461843
110.0 170.0 -0.21248122121457252
120.0 170.0 -0.2284899668151978
130.0 170.0 -0.24672123177287444
140.0 170.0 -0.2666355975886252
150.0 170.0 -0.2875353487697626
160.0 170.0 -0.3086343562529315
160.0 170.0 -0.3086343562529315
170.0 170.0 -0.32915781369375147
180.0 170.0 -0.34845899889605314
190.0 170.0 -0.3661203240409316
200.0 170.0 -0.38199674837123865
210.0 170.0 -0.39618290520019284
0.0 180.0 -0.20407846766171578
10.0 180.0 -0.20206545014116672
20.0 180.0 -0.20067807663252885
30.0 180.0 -0.2
40.0 180.0 -0.20018636129106193
40.0 180.0 -0.20018636129106193
50.0 180.0 -0.2014709337656283
60.0 180.0 -0.2041507246638588
70.0 180.0 -0.20855188618351628
80.0 180.0 -0.21498686371313291
90.0 180.0 -0.22371034016694896
100.0 180.0 -0.2348771513158187
110.0 180.0 -0.24850439860839718
120.0 180.0 -0.2644418912713936
130.0 180.0 -0.2823567071406673
140.0 180.0 -0.30173768252439315
140.0 180.0 -0.30173768252439315
150.0 180.0 -0.3219252276740096
160.0 180.0 -0.34217195217609886
170.0 180.0 -0.3617365695244712
180.0 180.0 -0.38
190.0 180.0 -0.396569304850095
200.0 180.0 -0.4113237178297352
210.0 180.0 -0.42438154360052843
0.0 190.0 -0.23046650968352067
10.0 190.0 -0.22939426975230187
20.0 190.0 -0.22897147114868577
20.0 190.0 -0.22897147114868577
30.0 190.0 -0.22927362290279568
40.0 190.0 -0.2304413628782629
50.0 190.0 -0.23268580873770955
60.0 190.0 -0.2362726313726211
70.0 190.0 -0.24148893466245597
80.0 190.0 -0.24860293274905004
90.0 190.0 -0.2578242356750013
100.0 190.0 -0.2692679352061719
110.0 190.0 -0.28292377267448604
120.0 190.0 -0.2986325314519567
120.0 190.0 -0.2986325314519567
130.0 190.0 -0.3160733155614319
140.0 190.0 -0.33476654047026133
150.0 190.0 -0.3540987139954799
160.0 190.0 -0.373376079297588
170.0 190.0 -0.39191089448124966
180.0 190.0 -0.40913013810721677
190.0 190.0 -0.42467373629237576
200.0 190.0 -0.43843875010744204
210.0 190.0 -0.4505490616102257
0.0 200.0 -0.25630328523670753
0.0 200.0 -0.25630328523670753
10.0 200.0 -0.2560646082873293
20.0 200.0 -0.2564988034017735
30.0 200.0 -0.25767531491128876
40.0 200.0 -0.2597198972622948
50.0 200.0 -0.2628178845185191
60.0 200.0 -0.26719907296812584
70.0 200.0 -0.2731078000375326
80.0 200.0 -0.2807669168195618
90.0 200.0 -0.29034282915200116
100.0 200.0 -0.3019147937541556
100.0 200.0 -0.3019147937541556
110.0 200.0 -0.3154494862794938
120.0 200.0 -0.3307820787223865
130.0 200.0 -0.34760637500488634
140.0 200.0 -0.3654781416935857
150.0 200.0 -0.3838375109909804
160.0 200.0 -0.4020571807641793
170.0 200.0 -0.4195193848807002
180.0 200.0 -0.4357116963985489
190.0 200.0 -0.4503127318093322
200.0 200.0 -0.4632310104666014
200.0 200.0 -0.4632310104666014
210.0 200.0 -0.47457985817727366
0.0 210.0 -0.28149861102185847
10.0 210.0 -0.2819835331835379
20.0 210.0 -0.2831618158207816
30.0 210.0 -0.28509794854384485
40.0 210.0 -0.28790267098303324
50.0 210.0 -0.2917342134084558
60.0 210.0 -0.29678476615237664
70.0 210.0 -0.30325492939877835
80.0 210.0 -0.3113229228159103
80.0 210.0 -0.3113229228159103
90.0 210.0 -0.3211145805545932
100.0 210.0 -0.33267723134258653
110.0 210.0 -0.3459586162392344
120.0 210.0 -0.3607918623677444
130.0 210.0 -0.37688854910569436
140.0 210.0 -0.39384340973608567
150.0 210.0 -0.41115571239068016
160.0 210.0 -0.42827254980844853
170.0 210.0 -0.4446552404040438
180.0 210.0 -0.4598592544559175
180.0 210.0 -0.4598592544559175
190.0 210.0 -0.47360412964625376
200.0 210.0 -0.4858053618667739
210.0 210.0 -0.496555495955635
